289814707   289989108
293366897   293523906
291552352   291691528
289580073   289747733
293613874   293758633
289150918   289314639
293637262   293788041
292119322   292264841
290903060   291082334
293032885   293178496
290279311   290426830
292950715   293129231
291530289   291709487
291298141   291453931
290269901   290426538
291779661   291927586
295232578   295393910
290565072   290730411
289007895   289151432
288424562   288582361
293727192   293869729
293065264   293223758
291649082   291821701
289685614   289839984
290581787   290769603
290565528   290730883
293260682   293407827
291394617   291546356
294785638   294968820
294608483   294764156
289818397   289952720
291191788   291357918
289212396   289358579
293547251   293693843
288496126   288652592
291339917   291480504
288594475   288750023
289553237   289735231
291441394   291585870
294776364   294936228
297216777   297382353
293494882   293666960
289538699   289703856
291538744   291696707
291249488   291423430
292091404   292231543
292134330   292291118
294244955   294408227
290511443   290663950
294990916   295135095
290561250   290706150
294820372   294977013
292966238   293126250
292147447   292310025
295855286   296010050
291554801   291710863
289404078   289559146
293946477   294103462
292551661   292720312
292339575   292496708
293549459   293693373
295148703   295328804
292994039   293154115
293573877   293733195
292396996   292577804
296809116   296970851
290005605   290167879
303461847   303621391
300308282   300461774
299404969   299577061
302829851   302984220
312168791   312335622
326144311   326307466
343200985   343366357
312822592   312971396
304735124   304881296
301098547   301260029
303974169   304137197
300620396   300779976
301747092   301908790
302829176   302989535
301014998   301174027
298976486   299139262
300516479   300676803
298903636   299092563
301730984   301895810
302792798   302937822
300881094   301043339
301819856   301987478
300187327   300353360
299233029   299387571
298792643   298950476
298861888   299020891
299132263   299282862
298719975   298868685
294743919   294892033
302092565   302257128
303882691   304055672
301088721   301252030
302425508   302583625
310771753   310947738
305027341   305202717
304311760   304479729
304127977   304318219
302946163   303096996
305472312   305620499
306745947   306950439
305693712   305844136
305292182   305472386
302074697   302238608
303978766   304142189
298993420   299158656
295196267   295347224
292696525   292840774
294128953   294278938
297894143   298041146
299000743   299164923
296437732   296587684
296514980   296675804
294046128   294197044
295266799   295461478
296817975   296984700
297242097   297385670
296242948   296391919
298784076   298956621
297343675   297513636
297067762   297214616
299299298   299460826
298785842   298947181
298838922   298996446
295337142   295504196
295911199   296076965
296301411   296448939
296564841   296738721
294554019   294710716
294864060   295040634
296547583   296694302
295067259   295229279
295404876   295570799
295117764   295277967
298422573   298580830
294774910   294937937
293763199   293923598
296426784   296567884
293840707   293992643
291542093   291697434
292579707   292741247
298163706   298320145
298021606   298188219
294547064   294730975
298003202   298151393
296211958   296371616
294963955   295118787
293763368   293901383
295647543   295818840
293193075   293339621
294970076   295117317
293315964   293467125
293157826   293329786
295930241   296136077
294958881   295133401
296162274   296329945
297745225   297892531
295894217   296067541
298337838   298493019
295338263   295501325
293839077   293980089
295977468   296160492
295955857   296103315
294861557   295021072
292575089   292734547
291297786   291445355
294135784   294285944
293136605   293280835
294136227   294303875
291398588   291548862
293273208   293418555
298837535   298990892
292721410   292882494
291677053   291832342
293188365   293333422
291666153   291813097
288314486   288478776
291284855   291476227
291407650   291584515
292078796   292229871
290462783   290642426
293531374   293689707
291649259   291828238
293474538   293642229
293043624   293191384
291912602   292086872
288680717   288827484
288593228   288756102
292888121   293076920
291058005   291201337
293795402   293934776
302847028   303005504
297842615   298005099
292187244   292345367
294922802   295080613
300190690   300334046
294970859   295113826
293610505   293762378
293475909   293622319
293081748   293247440
295990492   296135149
296976742   297124165
296054284   296217590
294149373   294320061
292615597   292781886
299541151   299686761
293466584   293626434
292985540   293137650
295541711   295696807
295840636   296005771
296025005   296171084
298828549   298989626
296935725   297100928
292826727   293001653
293634408   293811932
295418548   295571823
293563740   293736087
292302103   292450592
295335852   295481726
293957485   294105594
297251981   297399362
293789925   293944972
296288786   296461988
294056501   294236160
296063118   296220559
293627985   293774998
292824998   292988265
292364721   292527234
291586509   291774679
291915318   292079270
290979337   291136709
294930015   295094031
299509699   299668184
301498048   301678035
300788486   300956265
301484047   301649761
301407990   301562661
301563158   301724105
296575780   296724972
297698347   297855759
301629883   301788277
296718076   296867067
299327225   299495546
293061602   293221142
293370328   293527963
292929825   293084143
298424761   298578735
293696720   293868284
294043205   294199442
293728676   293886632
294416282   294589790
293415193   293573447
294516189   294663683
292753856   292901180
294051622   294211045
292539027   292705013
293772354   293939974
295199295   295376384
293142613   293290979
291996644   292143619
290750739   290900986
293188371   293342434
292439558   292630182
303341757   303527108
290482691   290626632
293336933   293481214
295532005   295698190
303237244   303403225
297535556   297703855
304656348   304811414
296247557   296400495
291656908   291815627
291940497   292101447
292851600   293010854
291578046   291733882
292272104   292427567
292646784   292799708
294698817   294893390
291450828   291603779
293000607   293160056
295531779   295693180
297262482   297425153
302154583   302313686
302995906   303164763
300374821   300518061
303232097   303393413
304371471   304543982
302109282   302263325
304177177   304377050
302586714   302738104
302891821   303075706
304792174   304955139
303594051   303749881
301883655   302034600
298451523   298600352
292775928   292971218
291302591   291463385
292479349   292652696
290148298   290306290
294848320   295017571
294173292   294320122
290502760   290662106
296221804   296414494
295007463   295168047
293913127   294066958
292909376   293054934
293012380   293178260
292557442   292702988
290388004   290536912
292048327   292196863
291141707   291299846
296047890   296205367
293414388   293574144
293346885   293512344
290695228   290852418
292575139   292721692
295606694   295755432
293768571   293911101
292278441   292435331
294575456   294745150
294979039   295139653
292847292   293024378
292768490   292934074
293008044   293152205
291254252   291416085
293879809   294033470
295716978   295904036
292852825   293009385
292998701   293155131
292687364   292842869
293063177   293212220
291679021   291817324
290653797   290796219
292793690   292942306
293733107   293886299
291895454   292050491
293880590   294032005
290024441   290202484
291170528   291311688
291638431   291789300
291789880   291933676
291833038   291989451
290621695   290788151
293001918   293159260
294694029   294857788
295593016   295739493
292311726   292482068
291183545   291325802
290532879   290671445
289721030   289874215
291431495   291586761
295910609   296073459
289668058   289829349
294332655   294493167
289690788   289884965
292157313   292298310
290549488   290691782
291230714   291402898
291281150   291419834
293915481   294062061
295124429   295268289
292342342   292490380
292123008   292305970
291242690   291381423
294586212   294731949
293496640   293641552
288687019   288837762
290072850   290217073
292787359   292953769
288676873   288816324
295468655   295625000
291240277   291404012
294225920   294405461
291274197   291433764
290427533   290579396
290236358   290395596
288964794   289125783
289274265   289421465
291207119   291359820
290817510   290957982
289516709   289672892
289482433   289665888
296970923   297123372
290623499   290773565
290996586   291157893
294887299   295031783
292532784   292699424
293271179   293442637
295233716   295392319
289828633   289983209
290100204   290244081
291073802   291217239
295746363   295891512
294369183   294533977
290886147   291043070
289449769   289633883
288104127   288248687
291265543   291416691
292757728   292910211
292166916   292347963
289502686   289659981
294223009   294380922
294689154   294845776
292582899   292736422
292890296   293066871
292203851   292363368
293340396   293496806
292679907   292847589
292815050   292980004
299812671   299988092
292436787   292596673
298961207   299129990
291709303   291855207
291576992   291723967
290866311   291006976
291288533   291446901
290791395   290955424
289608919   289788943
289287172   289454214
293134158   293297479
295863959   296040670
295413581   295560431
293349803   293518809
290687937   290838726
292160052   292305284
292104361   292263537
292326914   292491467
294355879   294520605
294064574   294219409
293294446   293449979
292874722   293046966
295201448   295361861
296165205   296341493
296320659   296478449
294695669   294859372
293765960   293912914
294641014   294809124
296079787   296229623
295339787   295493524
295153456   295331000
294014694   294170555
292946723   293114322
291105775   291274974
293080360   293255706
294004013   294145217
292252390   292415528
295454471   295638729
295037958   295203097
295570500   295740623
294011488   294160889
296868952   297058222
293824723   293988356
293056423   293206051
294255989   294416818
295115393   295264436
293101368   293253071
298202094   298387177
295153697   295307533
298630120   298782274
292109705   292276815
295904563   296075954
294500808   294693508
296575895   296749658
293958063   294135350
292325179   292483252
292509405   292689268
292761293   292920409
305321988   305471156
292724776   296959645
295266139   295424879
296027492   296184040
303379854   303538249
300249244   300404876
299219792   299370965
296131949   296288161
293665216   293818185
291320541   291477344
294173513   294322452
292135450   292284622
292763514   292914814
294115688   294277565
297120507   297266149
294632186   294802771
293978584   294142274
293258412   293417059
291924931   292080772
291817609   291965320
293484033   293638208
291447721   291626393
293351373   293529299
296192152   296344312
303512362   303684709
302979316   303154819
302790649   302948905
304279932   304449420
299543073   299726257
293647910   293803277
294203285   294372705
291484168   291652727
291556894   291701983
285190495   285337896
288857829   289008167
286821479   286967486
290669061   290822994
293502911   293681831
295338834   295505313
292794453   292955238
295544580   295710616
293571729   293721353
293597902   293747603
297801351   297947957
292649997   292809457
292904696   293060407
291995539   292139645
292636299   292794413
289641868   289822728
289584591   289732539
290014673   290205662
293609940   293764563
291315328   291458173
292765852   292914347
294280699   294446035
292477323   292624304
291569047   291711321
284712813   284864438
284172776   284319263
289817080   289966537
291416972   291595720
292991127   293149808
292555084   292717093
294883206   295023024
292142718   292293757
290956651   291108908
295117989   295266051
291548405   291715230
294569356   294733799
290280536   290438332
293198620   293355197
292691552   292848641
292112929   292299076
296591730   296760311
292314470   292480704
294848127   294995667
293181411   293334108
291481327   291693841
294682082   294830134
292448959   292615901
291486589   291646736
292592312   292749451
293068524   293225277
290707406   290853891
295827028   295988098
296114754   296254621
289108220   289259009
290082221   290227655
294345639   294504518
290174502   290339397
291808812   291949766
294722328   294889191
293431022   293573815
292309639   292462575
292160531   292318069
293829731   294000822
293315072   293478382
292109813   292271407
293342634   293492237
291906785   292053114
292644520   292792164
292972648   293133602
299069224   299232553
295823693   295999005
292411347   292575501
294024865   294182714
294692836   294857923
293683831   293831877
292732868   292898642
293385309   293535604
290476798   290614262
287753447   287898967
290664725   290837991
290649327   290789197
288233091   288376416
284155897   284301629
283054429   283201119
284758389   284917866
285677048   285858834
290337681   290486511
290920504   291060244
291879121   292023759
293521525   293668337
291352712   291518123
293676734   293846479
290959668   291116425
293384112   293529072
289907867   290053571
291088126   291230113
290447240   290594499
291120559   291281194
291734354   291876566
291072434   291224552
290062366   290220415
290039866   290201864
291692203   291846841
294061346   294228899
287863228   288004621
291270852   291417614
288996007   289142384
290182510   290372445
293233802   293405925
291190694   291339764
294360911   294519042
293159609   293302170
293540290   293701890
291933403   292079347
292568073   292728445
290860059   291046275
290302574   290469496
292100082   292263476
293103716   293247941
290042549   290194026
291805106   291984117
292860922   293028893
291905418   292085894
294222503   294369916
294999909   295166140
287146645   287293657
292432396   292612963
290119157   290274054
291958893   292115196
293076108   293224742
293712949   293901112
293945676   294115119
296567260   296716685
294661601   294831769
292267932   292430157
290937933   291089981
291574596   291714993
293865071   294020143
292611649   292782992
291058660   291205652
292762727   292903038
292653303   292822517
291860197   292021098
292645986   292799810
292506005   292654494
293496298   293683027
292277825   292429333
290621840   290802571
290791671   290938658
290620512   290812776
290700318   290857851
293341110   293506479
295628474   295783919
294009558   294160833
289424756   289581191
286613927   286765794
293683355   293834688
299820702   299974288
296560235   296730064
293166919   293340467
293358338   293505856
293549455   293692953
293585734   293734713
295489393   295654926
296159309   296313188
297213804   297390524
295394099   295541683
298880821   299029105
295690120   295852771
296765495   296930350
297063236   297222088
296460085   296619714
298231738   298403984
292887087   293037971
294997965   295161286
294221933   294392054
307834311   307986762
297207303   297363710
297022705   297176260
296762534   296912687
296254100   296414211
295434768   295579067
297841288   297991392
294077233   294228378
302949091   303098204
301739602   301904667
302601291   302751679
302357556   302523175
300475142   300637025
305075065   305247336
302344206   302504330
300950696   301104044
302345239   302505515
300128581   300309926
300939464   301099173
300494481   300660712
298022314   298170231
294495945   294668786
294422624   294607255
295758072   295913276
296211193   296354759
293529039   293689677
290336978   290499409
295939910   296084623
294141849   294315467
296742598   296916858
293956763   294139428
294533623   294684333
296852836   297012892
297495366   297667804
297199160   297363290
295073000   295236490
294066674   294232702
297239883   297402728
292185853   292342995
296762007   296910653
293469240   293629158
289945051   290113741
293461261   293626418
291758978   291929200
292277010   292443476
289564991   289734743
294506569   294669253
289876903   290051553
290704283   290874125
289354521   289502080
290367463   290515148
292088448   292260339
294630945   294775078
293872419   294034522
292556785   292716390
295656468   295838984
291940622   292100336
288712736   288873093
300973739   301133978
295843572   296002802
294637911   294812813
297773639   297947462
295835117   295993838
299385616   299553845
293817756   293980429
297506689   297659083
298983376   299126100
298863797   299007074
298993589   299152407
297725863   297893117
298970090   299133172
295530157   295692647
292124189   292289756
293797046   293971628
294369330   294516409
294221166   294380042
297573897   297742585
296304348   296452240
294940047   295084703
295297980   295443386
294358293   294512042
291391902   291550363
291687453   291877528
294671550   294832225
291681862   291840136
292901924   293069616
295201841   295358316
294164455   294310448
295615000   295764092
291983774   292142754
294974708   295116423
292414524   292568105
295706903   295853446
294554151   294699020
293345257   293492313
293773847   293917130
287534051   287690321
291167358   291319394
288455252   288609497
290121843   290267471
295186048   295338066
293234868   293405599
294201542   294345891
294570598   294718442
294579624   294729785
294819433   294969057
290996264   291152880
295487280   295665332
292153046   292323870
292058565   292218991
295077767   295228550
294360167   294530475
290196009   290364094
290104358   290254766
293284575   293435816
293682420   293843255
291347455   291520176
293520058   293692075
292986323   293136625
296416515   296566750
289032897   289177485
290608747   290752540
287348330   287492223
290951871   291105701
296298379   296462762
294635486   294794038
294858383   295002552
295061700   295208446
292409016   292573621
293444578   293596966
292156726   292323651
294177681   294363071
291118894   291261530
292652717   292822170
293496480   293644960
293083697   293243293
293123263   293274002
292169376   292315208
292201922   292382843
295570632   295753602
290693985   290863408
291891551   292042524
291335347   291493827
291307802   291453432
289094677   289247485
284604235   284752832
285672720   285837895
290366209   290513414
298942003   299098861
292654900   292822216
293311494   293470855
291058920   291209382
294495718   294641929
293351640   293511706
295437977   295592994
292685513   292863834
291245771   291427272
292048141   292214417
296264656   296409319
290503995   290648216
293483411   293638865
296602650   296751575
290469446   290635204
293575859   293743526
293107425   293264792
293113693   293273746
293017171   293176762
291234795   291403366
293082696   293266197
292684400   292852141
293029115   293211045
292380852   292535599
291626898   291770948
291669182   291813997
294618705   294769685
289573835   289738825
289893280   290041154
291478314   291632952
290738179   290898158
292067335   292234117
290450349   290617937
290391148   290555878
292919695   293071288
289667039   289824034
291748192   291908038
294442184   294612136
292514686   292674522
290120060   290313199
291375532   291552394
295219695   295365458
291076352   291218649
292782623   292937535
292793744   292942026
293660294   293823058
293308562   293458163
290022237   290189288
290772513   290919602
289875408   290030853
292080348   292262016
296495419   296649943
293926754   294085028
290026901   290170577
292219614   292376044
293253613   293415118
306957776   307109724
301371637   301531314
296701148   296861490
293017563   293169342
291002765   291151189
291513627   291661325
290995844   291152345
291809791   291965955
291575894   291724462
293644129   293827646
294875243   295024978
292669747   292824454
292714363   292872893
292577783   292726847
294931048   295092523
291637265   291796214
295101083   295250398
293786166   293945695
294337564   294484823
292180830   292345623
295003280   295154898
290075665   290252783
294684411   294895174
296777404   296942334
290445386   290595392
294024495   294192988
290954936   291120923
291898668   292066840
292436703   292584900
297912719   298084199
295374947   295541442
300487089   300651968
300669458   300818646
299166564   299327729
298279147   298428876
297514735   297663122
301791242   301966047
301029030   301192316
299048367   299209822
301685933   301872394
301641386   301813087
306127913   306279159
305354637   305508132
303537976   303684944
304442898   304611630
304030259   304190515
304325964   304509099
305541985   305703882
303819895   303970202
307391558   307555459
305064497   305219017
305509050   305676690
304513576   304678921
305307242   305469830
298880073   299040947
292389106   292549871
294544058   294695816
294486149   294650925
292799571   292946334
294791312   294947244
293692097   293866589
293384083   293551302
293703606   293855722
292771499   292935377
290413467   290558328
292288071   292433869
294213317   294351284
295612593   295775048
292488048   292633720
295746525   295905616
293873363   294035322
295506216   295665609
292501242   292663737
292403105   292576156
293615259   293771423
291946043   292101222
292242897   292400097
291616914   291775561
291668981   291817927
291246579   291404932
293461762   293619312
291233664   291418891
290809375   290953486
296034416   296192463
289626603   289785950
289471543   289620753
322374959   322530975
292029775   292199418
291446634   291615839
289764077   289928038
292913821   293067254
288498760   288644887
289397718   289554024
291321269   291501124
288524276   288684852
289612744   289771979
294710175   294858552
291476985   291636027
291985463   292130265
290857044   291003932
294670982   294828668
290629687   290773793
292579190   292739548
293953784   294099724
295194811   295342167
293356458   293515613
292886113   293043569
291224080   291379905
291559865   291759629
289844435   289998721
290742721   290930505
291659449   291816334
292783390   292949144
291857873   292010239
290919934   291063667
288180620   288328709
288525534   288671791
290174266   290326339
291242427   291411622
291952921   292127702
291600163   291768012
295327667   295479774
294392648   294537975
296018777   296201580
298083844   298230684
296471663   296643656
298358218   298534818
297128103   297292261
293909607   294076344
295152988   295321286
294826079   294977277
298496608   298661776
293033675   293241550
292847008   293000053
294461412   294604985
291784340   291970539
296914979   297075501
293747606   293916403
294776685   294951719
296362796   296511863
290744823   290910615
290846787   291001885
291830226   291996843
296347536   296496268
295479437   295628070
295819577   295967374
296062298   296223871
293134111   293282919
295035793   295191565
293476761   293674645
293418957   293581763
296350610   296510357
296152305   296315417
293716476   293872602
295909515   296072098
295813249   295976008
294189916   294344837
292442838   292613741
297860374   298033231
294069972   294218096
295804765   295955432
296315047   296467619
293906808   294067165
294164116   294313868
290465077   290627310
288805527   288966021
288405745   288557165
287144619   287310380
294143877   294305114
293316544   293479349
292999004   293147413
294157332   294313153
289025109   289201502
290861215   291007728
290311312   290473158
293542967   293690425
291996445   292145898
294649128   294812767
296852607   296996676
295361474   295513087
291021419   291196053
294021788   294180208
295644047   295785606
289883207   290044797
292133081   292281966
293397288   293547092
292958769   293110567
292891015   293053652
288198957   288351124
290431888   290589698
287757486   287921292
291499365   291668546
298201270   298350763
293104485   293253085
295469001   295618389
295221057   295378394
292818360   292972309
291941938   292106531
293757948   293910484
302730877   302879645
291859440   292027002
292978858   293143974
297200376   297354091
310837495   310994422
306650085   306803733
306300234   306478660
295153299   295317126
294259380   294430550
291887136   292108451
295492629   295660344
295102834   295266866
291108850   291281091
288026785   288184283
290724601   290878955
291548853   291712288
295965028   296139336
293748450   293908605
291828636   292009228
288160005   288304336
298156455   298310949
293944580   294119360
292161615   292311879
294669976   294841406
295219680   295374286
297562840   297709042
301868883   302023032
302778499   302937044
304183761   304336569
301936425   302100170
301226870   301387026
303436236   303588669
303605230   303774158
301718735   301863053
300861498   301014634
299656152   299817425
292222415   292371697
291875063   292030719
299431868   299592685
304165347   304328225
304697065   304850712
301799681   301961359
302858036   303008647
302143459   302293774
302319585   302486191
298388673   298556205
297940304   298097298
299362480   299535001
302480860   302635800
301813963   301969129
296240569   296397372
295186456   295348175
297696433   297849218
294892156   295058716
295123751   295288644
293496035   293671039
292094035   292246922
298315724   298463811
294408545   294558035
296219798   296406749
295689423   295848882
315626185   315785954
293279103   293426368
297633898   297794754
292569189   292732733
295816811   295973696
294659028   294808166
294980127   295140749
297215064   297361595
301211293   301391688
292310031   292465204
293170913   293331114
294666445   294827301
294845121   294993054
292489954   292637354
293914933   294059806
291062367   291209606
293261606   293426784
293867117   294016741
293790758   293952819
295355592   295515695
292826724   293015483
292499003   292649441
294969351   295168808
299726432   299897296
295249697   295433911
293830923   293995512
297772130   297927944
295908381   296112168
295128655   295311411
294968722   295119429
295611052   295764068
294376302   294541728
294280038   294452927
294292809   294469237
297596123   297763339
296939565   297093901
292360651   292509355
291049567   291206368
290133088   290295892
294756621   294907950
292639733   292798047
292231076   292388019
287944451   288110909
287823075   287976348
286896024   287063689
286884505   287031388
288994900   289143892
286854642   287020270
287380603   287541494
290970789   291142770
294709297   294873127
293436568   293603232
299126887   299278178
301614429   301778138
299542230   299696706
298815537   298980857
300002057   300147758
292470620   292640379
292118328   292276926
291754046   291900323
293291998   293444975
291871977   292034848
290549558   290697451
290616441   290774316
293284043   293453239
287447045   287604938
289906081   290050816
292517431   292713567
293924410   294072419
289995022   290143012
290033367   290180372
286792723   286937768
287202777   287348472
289732542   289888688
294174606   294334346
289630890   289780217
292543087   292714155
298217397   298363228
292648564   292793113
293302678   293449843
291622233   291784713
291521340   291667656
294685711   294838169
294386108   294562197
293435869   293640777
294812149   294959359
293183643   293341795
293914815   294074557
292270130   292430053
294163026   294348138
296219874   296370836
293938491   294098629
288753108   288898501
287187961   287333782
289798031   289963454
291543232   291689780
291394194   291551201
290723156   290901815
292226190   292368320
289991479   290144016
291024328   291169255
291147686   291294060
292030826   292178428
293477907   293624541
294201681   294376788
293911722   294088386
291543019   291711221
292940156   293101135
293158321   293306193
295596749   295759356
303600020   303748341
301382206   301541610
301066121   301226408
301142435   301301396
300411003   300574404
302965193   303149709
305969981   306128198
301783288   301929562
301632870   301793046
301633989   301784382
297884282   298046900
293956305   294117051
293559607   293702459
293295218   293465033
293000960   293175839
290593409   290737929
293656849   293800426
292735988   292893069
295281686   295459867
293650372   293795595
293473277   293630608
293070803   293238960
295889660   296059611
291360778   291516578
293304193   293449616
294868314   295016127
295623315   295773955
292185714   292344249
294811968   294960485
291780763   291941363
296017218   296159850
290876455   291025170
298348174   298506255
292294201   292440526
292892219   293063199
294778777   294946970
310371451   310533166
405829309   406008705
321142533   321298288
296669990   296823931
293820059   293976244
294880797   295058639
297205660   297381264
296896975   297066525
293150492   293317381
294947510   295112293
294524149   294677148
295381977   295550584
295002191   295168526
294051961   294210371
290670895   290825215
290895762   291060846
292934593   293100606
295745342   295902077
290629890   290779187
291803836   291952887
290186048   290333757
289270815   289442099
292782191   292928117
297426885   297592924
297713263   297863198
304168634   304348603
302023316   302179049
301379721   301545212
301785458   301945850
