294657448   294912365
298423949   298650622
291742186   291980109
293842408   294072594
306109526   306342728
300978609   301228123
303352636   303597490
302153438   302434019
301834738   302065210
301451272   301697961
300222624   300441476
300127092   300363530
299234705   299503759
296835623   297077525
290847945   291511489
295866329   296085167
298042075   298285685
313428870   313710410
296915247   297151183
292977563   293212019
292020616   292248942
300080350   300322744
297129883   297388367
303762422   303997863
292004831   292251048
310349696   310591627
307016663   307265130
297232090   297474773
296032274   296266715
294734821   294970709
298361249   298639498
300001214   300237202
301772901   302030049
305519973   305764993
297560862   298202589
292365028   292527561
294988292   295164185
298752845   298928003
300172949   300349680
295733105   295914329
295644343   295832379
290842772   291023588
295521131   295704031
292452978   292636484
292693627   292886809
300934675   301108785
299719962   299904342
301645194   301818747
299480284   299666259
301241099   301418924
304266214   304445944
304185077   304389343
296382455   296591342
298968050   299136197
296067473   296259569
295303815   295483078
301745590   301922812
302696204   302878511
295609350   295829709
298532751   298703780
296877926   297057970
300712609   300888981
303923455   304101895
302932806   303124284
298919590   299102888
300809750   300997336
299125508   299309147
302715975   302891227
299927856   300125242
300214537   300401805
301641415   301814909
306738415   306927893
292597914   292772480
291414590   291601767
294963263   295187286
299900210   300078703
292995762   293172768
293640985   293810218
290081174   290255790
292614000   292797003
287694236   287871429
289948856   290122589
287930771   288111422
298005268   298175859
296049836   296246102
291719252   291904335
293265706   293465514
288026700   288205888
297118847   297304414
298300332   298497991
300813334   300999628
299964031   300146423
291741141   291955298
293121479   293295242
292520687   292735428
291943662   292122997
299759413   299934024
294827387   295004360
298131508   298322617
290846434   291030870
293327790   293517585
294681394   294860449
295553018   295731983
298043806   298238661
299796667   299981260
291604406   291790119
297727440   297917293
297820526   298009875
300905791   301090773
306059232   306250840
304085068   304279175
300018400   300201298
298082225   298270880
295284617   295503080
298112925   298296789
299306864   299497506
299069801   299241883
300412389   300603373
295598799   295775316
299580886   299767763
295046421   295237972
304088458   304262566
300673535   300879281
302158591   302367231
303599440   303814812
304163847   304352885
301317800   301497689
299558163   299723279
294212838   294399777
296158052   296336962
296194013   296418243
294095638   294282007
296098222   296281986
294383713   294569136
296345382   296529262
293074669   293249171
295681662   295877689
296916751   297100484
296646081   296831636
295058658   295234084
295011294   295196421
295041895   295246516
293662371   293867134
292607396   292809665
297171697   297369751
292800762   292994492
291560944   291746338
290387753   290564360
294512308   294706162
295663958   295839094
297943471   298140453
294825362   295012506
295643378   295832326
291245098   291430349
295733986   295934010
293396417   293596975
294804133   295000945
293639379   293830266
288077030   288246326
296448458   296641362
294724701   294913906
294115676   294291589
290291017   290467970
296804417   296998114
296058911   296251876
296679319   296847326
296567307   296751138
296367833   296550969
292538634   292746534
295106683   295299985
330904786   331097247
293373481   293562826
293087740   293256305
291697945   291871876
294349744   294539298
294019568   294203684
296555910   296746237
292557312   292721616
292756848   292949769
295318112   295530500
297913526   298110628
297379782   297569522
314906759   315098863
295837146   296019980
332303597   332486699
298906472   299092798
295948381   296181247
302476933   302653923
293406254   293589287
298766804   298948147
298409489   298588007
298342383   298552206
299127955   299337984
301394167   301575199
300909379   301098896
298270654   298445594
301063996   301248271
294467202   294643734
296361708   296548193
297800476   297984995
293176985   293386210
290896390   291086115
293883789   294051200
294102501   294289310
294295850   294480386
294169370   294358391
295611324   295786127
295235563   295418686
293422900   293610355
293846607   294042311
293509382   293717651
296266937   296468049
294500342   294686167
292412250   292602464
289667591   289857394
290659008   290835511
302407732   302623726
302231973   302407759
293870367   294045871
289927216   290113163
287034128   287220953
291765422   291941591
292753715   292938833
296569327   296747836
291502484   291686597
293141224   293322659
291032366   291310814
292374406   292596583
289931573   290101747
288931041   289114090
292375944   292565264
292907118   293075444
290635007   290826231
289790872   289954583
292531219   292706290
292850259   293023239
290208319   290385307
293231105   293439607
290677734   290856599
292324631   292531279
291283307   291490835
291418519   291637436
290671459   290851749
295586907   295766141
294125152   294338193
293180476   293355524
291673952   291874883
290450021   290644557
288559883   288753131
294933622   295119105
298700547   298869073
290361046   290580079
294822970   295017732
310558768   310756498
292883501   293783530
296828667   297010237
289691260   289871655
291278135   291468555
294415173   294597498
301324922   301506512
292117152   292296658
296725303   296905657
294790130   294970584
288413294   288590909
290483340   290671571
295684043   295859112
294135957   294326016
301495961   301678164
302126684   302294596
300632927   300812723
302240037   302416233
295539035   295729310
294580045   294775989
295863837   296030161
296632765   296811944
297022406   297210518
292184442   292381534
294822087   295000243
296844258   297013619
295053385   295257383
293808478   293981057
294748885   294940929
295884155   296083097
292794956   292980338
293340081   293515185
294216437   294404156
298449732   298615276
292284544   292486996
289973017   290196613
292800159   292970985
293421566   293595633
294122700   294303768
294584329   294771496
290816632   290992858
290023914   290194934
292208594   292405972
290334128   290514949
292091178   292288091
291129170   291332919
288577368   288750286
291786552   291981253
290957826   291155396
293097680   293270533
295489713   295679285
289572038   289758148
289682506   289849947
293721713   293900939
292127755   292301147
293219112   293377204
293425939   293596014
290078984   290240149
291871484   292074804
293966847   294167924
295669464   295860727
294503100   294684190
290774685   290943311
295277025   295465936
293014960   293195165
293396698   293580578
293341169   293556123
292128163   292332680
292976838   293179294
290773879   290959574
292300336   292478850
293502030   293677653
291881775   292051990
294825779   295009744
291401427   291598066
293193919   293391779
289641356   289815457
291242537   291421417
292948109   293139096
292576491   292747971
294899388   295072963
297269636   297445945
300062969   300237777
290784655   290962946
303145162   303326655
303323034   303510455
305082530   305268422
301114823   301291468
303371233   303554629
300389643   300590975
294544253   294758745
293575713   293751041
296594175   296760173
296451927   296641532
292673311   292856316
287632349   287794164
291103185   291275961
289512264   289676592
289524502   289698356
293319140   293491761
291630555   291801821
290458213   290637454
291652399   291843364
293656021   293853063
287408155   287585539
290163350   290348110
291710059   291899382
291097235   291302152
292731112   292925490
293833755   293999356
293617643   293795543
292814424   292992100
291744671   291922175
293051647   293220375
291581032   291784479
290187956   290379054
299946867   300125375
296097526   296267003
291686679   291875925
314417629   314604673
294055269   294230190
295858494   296055051
291886721   292056026
294599416   294773501
294522233   294691090
298934182   299126854
296518938   296685601
304081359   304339416
292411860   292603394
295012560   295305680
296273767   296434820
288288743   288461991
291552641   291733964
297310167   297473741
292858834   293026413
299033804   299216069
291127684   291340418
295785320   295985629
293580023   293778560
293650477   293829284
291837180   292006507
294885417   295065397
293579660   293750214
294720420   294927728
292692047   292857645
289723890   289907592
293507551   293664508
290868067   291040151
289590866   289792884
289580367   289759239
292871450   293052391
292835220   293021916
289512336   289669329
291595260   291770339
289612586   289775730
294179264   294361572
293118850   293294411
292030798   292185329
289853457   290032285
292057197   292233400
288718701   288889506
290833452   291016057
291588604   291758855
301827418   302003622
301584753   301758784
291497415   291688189
292102281   292261164
295974373   296151306
301910981   302085379
293140770   293316321
298335274   298515383
298099587   298288249
299815654   299980276
298812773   298983529
298762942   298938826
296585729   296761493
298729231   298892762
295760362   295934083
293137840   293321964
294734379   294912504
296186366   296349746
293909893   294114776
297501054   297692800
296501474   296674121
299009491   299187952
293289261   293454737
288185802   288359547
297989383   298182953
294657742   294833681
294383010   294559314
293480884   293678634
295148599   295325890
293291582   293448952
293543671   293731408
292002651   292180002
295279951   295452840
296436427   296608117
295495062   295682236
290079919   290261195
290014174   290236755
292543768   292725946
294015026   294195190
292671663   292861822
284713849   284887640
286500993   286678050
292912909   293081774
293006897   293185520
292706394   292870709
292788347   292962689
291508117   291716779
292693894   292850290
291490878   291666904
290258209   290436608
285316806   285491844
295409883   295592438
293246063   293441371
291072936   291290925
291769561   291950317
294044779   294229009
295850389   296034759
292645197   292816586
284571416   284739572
285853385   286011079
290797827   290968256
291826698   292030716
302728716   302911700
302803575   302963888
300678858   300850676
299612422   299786116
301498065   301667335
292454105   296340944
296506005   296675212
289780961   289953913
292658235   292824084
294531773   294715542
294611340   294781821
295354314   295552384
296310400   296473472
292520628   292694903
293255769   293420672
302922632   303109675
292770198   292942776
293621404   293784021
291647197   291817529
295716453   295897407
290541672   290725121
292530737   292705361
293265362   293425640
294596059   294770428
299534721   299746024
297059927   297238069
296816425   297012308
295919047   296093381
305040744   305321360
289448265   289680907
299455635   299649284
296461635   296665842
292000359   292180316
291515976   291684170
292511580   292688867
295719172   295889224
292820947   293016108
291387532   291538211
292917442   293070822
293202189   293375932
289098668   289255979
286611156   286777201
291775806   291939095
289251583   289437940
294768559   294948530
303064805   303272432
301314940   301482251
303481753   303655713
303243280   303428670
301424717   301601167
292005043   292197324
292969851   293148684
294505283   294688402
293595773   293764219
292605870   292755795
298569189   298749925
293992261   294157136
290593643   290757457
293352643   293525221
294064413   294222630
292767393   292937540
293721216   293884198
294151320   294307905
295379225   295572755
291806307   291971483
295738745   295908940
295910799   296088017
295426439   295597748
296712330   296881265
295811018   295977887
292236967   292418560
296993974   297150989
294176255   294342189
295241577   295443610
292693953   292862955
297632428   297786974
296460171   296630841
293455944   293629040
294048642   294220724
293941966   294109448
293860915   294055103
295649446   295819548
293448092   293624672
290289171   290462295
295127122   295297497
295383911   295550334
290983090   291161434
290919781   291065619
295678351   295850080
294293718   294485049
292270194   292441405
287213424   287373853
302998844   303158177
298529815   298695583
292849278   293019324
293700106   293889931
293164552   293330045
289949539   290127771
291274124   291456851
292862499   293050277
289248487   289433427
293310726   293463303
287896659   288056795
295193082   295368703
290584076   290775045
294492920   294650342
302150036   302327733
300174560   300354553
300920487   301087810
302527294   302697565
301138243   301325993
300722934   300877963
295196796   295363901
303120389   303297757
301609450   301780553
292217282   292390534
294615862   294805772
291669168   291852252
292866667   293053997
291731265   291906082
293083224   293267448
290252928   290441654
291629388   291784730
290402264   290569887
292449826   292598977
295978085   296178744
294151148   294334169
293838722   294007326
293989991   294145626
295801486   295989095
296787785   296960534
292183784   292364545
292597043   292764255
292663392   292856763
292120501   292289210
301280789   301450286
305120473   305304328
307007096   307177990
300654660   300841199
299170140   299357262
298531504   298695352
301600133   301783565
300989314   301168592
300553409   300728355
297750256   297929755
301985252   302170102
301533908   301729855
299476350   299646426
304669786   304839168
301485867   301646949
299150662   299309934
294636614   294803657
299228327   299406392
299496425   299698382
298780444   298997337
296785243   297010008
294398461   294689757
294896640   295088492
294968887   295127617
294957152   295115024
292762811   292924338
293137110   293279914
291685628   291874821
292441677   292591227
296074464   296229375
288957310   289110564
294597877   294760586
294237879   294402074
292825089   292974515
296938698   297132643
292977128   293145162
290497309   290649405
295204882   295360921
296264960   296435457
296320395   296495981
293208235   293370847
294390829   294557933
296125044   296304413
295830789   295985203
298550281   298705273
303910488   304084320
301911351   302066253
298739639   298909961
291902814   292072067
292997987   293163295
294028314   294204135
292000380   292155899
292732630   292898521
291254894   291432674
288673459   288860856
291842903   292000915
297357808   297512591
295973579   296142143
297113993   297277911
291947991   292112967
289673408   289824081
291663062   291823916
292547056   292691596
292326488   292512531
291680274   291840299
290977410   291140669
290524538   290672788
292282880   292464534
289095869   289270264
291088570   291246948
290943907   291107337
291690019   291855522
292978397   293136167
292917161   293088304
291850672   292019143
291608371   291771541
288898990   289074573
289599661   289777841
288860204   289036991
290442304   290614364
290221251   290384133
291510849   291672030
291907740   292074282
289034429   289195354
290845866   291005572
284463771   284627223
293195979   293362171
292136658   292297831
294587306   294753755
291474198   291622075
290850276   291037441
292719169   292887047
294216009   294377798
294342738   294516659
289064938   289231530
288678686   288855877
294495866   294644765
289793574   289964938
286869324   287029069
290249338   290414083
288771333   288943929
292948587   293128416
290086614   290243956
292176632   292333845
289317221   289481438
288893901   289056974
293547576   293746825
288958704   289130969
289419003   289590174
290147325   290338267
294164814   294324986
287423332   287584183
294180108   294349499
291463270   291634832
296654165   296818829
298844313   299011048
300125585   300280642
290349083   290516659
291748040   291907783
293271110   293425403
293710310   293882575
287984081   288154379
295580957   295740107
302585513   302751262
303889264   304071050
303260462   303417150
299418808   299572059
298403487   298569946
298472452   298631862
299390791   299558482
294808370   294960314
298465526   298634040
307345059   307505428
300426075   300586613
298964007   299129495
297911604   298072495
299554019   299726610
292532554   292694346
291981034   292157150
293060364   293211522
290778649   290938000
289647251   289798751
294149211   294310945
289102791   289284503
292744464   292927270
291173644   291357280
290129835   290291345
291224346   291409119
291145039   291299232
293240547   293401443
292045212   292197254
293999867   294176766
292187151   292350719
296736453   296901788
292846242   293007082
290000486   290163279
291063471   291227835
291177620   291334026
286788953   286946465
289358486   289528616
287697220   287849558
292957205   293136467
293731139   293918903
293437780   293580536
292572539   292728523
296957670   297119356
288941247   289105977
290240336   290401698
294976343   295138829
291053308   291206245
288680187   288857526
291258163   291437103
290932914   291086814
296799315   296948546
293197121   293364330
297439500   297593396
293842809   293997234
294181342   294347310
295510855   295689879
294161599   294319185
291446717   291599736
292788594   292977837
293543046   293745797
290641327   290793253
296378039   296526734
296970549   297143955
292821752   292987393
293462223   293619842
295562405   295732347
295319868   295485594
293289194   293475607
292728322   292896278
292869847   293044444
298302823   298473393
308734493   308903319
299061485   299224102
301542946   301708530
302199774   302398253
302206547   302401849
301961196   302129348
301035429   301214190
300386408   300556046
300145146   300307335
298474022   298630729
299087797   299283700
299518416   299684324
296352421   296540821
295041554   295205741
294351421   294518925
295048130   295199816
295072654   295238547
297753493   297918174
291385658   291550242
289533969   289698509
293621693   293772970
293284692   293452268
292766634   292929440
294187277   294347797
293088859   293240146
294772768   294935808
288816893   288994477
288708145   288873323
291361121   291511575
292762908   292933225
292872681   293051936
292069575   292256464
297419051   297579830
295183983   295347813
294540197   294715372
285703551   285854141
291624553   291787486
289702950   289879456
290655961   290830554
289412249   289593788
290302336   290470655
290596561   290769028
290663619   290839390
289042026   289205230
289696875   289864201
287564528   287713031
295622835   295795672
289756603   289919991
293953647   294129446
291675074   291859953
290208646   290382034
293416757   293599508
293915732   294070093
292169375   292341441
292898111   293070788
294384511   294560336
295678587   295831154
296152559   296350428
292091586   292279800
292087001   292245424
289777828   289950995
291289711   291459643
299301216   299461100
301283770   301432374
299405079   299582393
299183651   299332569
289760226   289912359
293988638   294153493
292371574   292537251
293789673   293959713
291125342   291295585
291127502   291299998
293654062   293820960
292974607   293127865
290831724   290990056
297104676   297274396
299483583   299651403
294852901   295022333
292492462   292660307
290570002   290726204
296138967   296307538
292972224   293123514
291597961   291762521
291665674   291824675
294107585   294275133
292675803   292847344
292610949   292805001
289034974   289196276
293295909   293450537
288644867   288803287
291262232   291438167
290102836   290261167
292860341   293039374
284267096   284427952
291025830   291192391
290849728   291001773
290733829   290917846
290658293   290806142
290907811   291113041
292403317   292574684
290345216   290503719
291323651   291474264
286373844   286525368
293396154   293576289
293637631   293795073
295341544   295504841
289855740   290032905
295678279   295835842
292670798   292854313
295085894   295250127
292601893   292769699
288837563   288998585
291092565   291249793
292725043   292909563
293925191   294086564
293599991   293765259
293960010   294147762
288927258   289086251
293718495   293890416
289480259   289670841
293936338   294111497
298082477   298250421
292317827   292485570
297905248   298070892
294256647   294410185
289289956   289449629
292466858   292628495
296615602   296782549
291861786   292029351
292189355   292344205
292851717   293018899
293132653   293311675
293726793   293882659
294284625   294477585
295468608   295635095
295245561   295396107
296420633   296582696
294470354   294666093
290500282   290682446
295832091   295985810
294525482   294690688
293911248   294074361
292802438   292977393
292563369   292727860
291970101   292120198
295693778   295859340
295508143   295668398
295243955   295408616
293748907   293911622
302696962   302859139
302245820   302432144
295702142   295947267
308695241   308865830
335985293   336158975
296459042   296627001
294365199   294523643
293142924   293308335
292813457   292984851
297228212   297405587
297475599   297658144
292157639   292329347
293064559   293215324
295466624   295660763
292602912   292764173
296795237   296963028
293042680   293209275
293416626   293573335
292139793   292304671
293942509   294100454
293446484   293614491
296981654   297144789
291945199   292094374
291636933   291792690
296326812   296521522
298943346   299108358
301888850   302041757
302885264   303054152
302304259   302471476
295322150   295488981
297967919   298152756
298538389   298695277
296902194   297063773
295187628   295357866
291435118   291586794
295287806   295456154
305669334   305847280
295869469   296019612
295768894   295924318
295094894   295253023
294994928   295149566
292978715   293140488
292208452   292359888
293299164   293497513
293661827   293836045
295503730   295676635
292423366   292571670
297039038   297228806
291496253   291660995
294714575   294885911
290322550   294261738
293966845   294116216
293838428   293989308
287709936   287858875
289145347   289308976
291505293   291665770
288857146   289016110
289983087   290134508
292652129   292838534
288405201   288569788
363831530   363997472
292519305   292673012
292782447   292937142
294235391   294396368
292591052   292755279
292744304   292910045
290306030   290466845
294724435   294906587
293097205   293261793
293575590   293736481
290738143   290889291
290565220   290722921
289836821   289994750
291732030   291898590
288997294   289150619
292491514   292642255
291511834   291669013
290276695   290441142
288142440   288310305
290324844   290494179
304971230   305133018
299217068   299378406
289434641   289602032
290813597   290984576
301635170   301810277
299458396   299631960
299314739   299495052
297118563   297269901
291990870   292151764
289668465   289823108
296016226   296193809
295016324   295193723
294712548   294905340
294044355   294229425
292000717   292149417
293508376   293692252
290558122   290740469
290853567   291035231
283851607   284013208
287406624   287565663
295184168   295341658
291145329   291296963
292410065   292620618
292806761   292963368
292079254   292238137
292852184   293025920
295556016   295729686
288720845   288872886
298199475   298373620
294824698   294990510
292920176   293082938
293451555   293613698
295714036   295878443
294993051   295181731
296387678   296558564
294708326   294876112
289066169   289227226
294855841   295021073
292377646   292546801
294878010   295061003
295985179   296136793
296451654   296623587
291565979   291736355
295422566   295589814
291630747   291796330
292205534   292358702
283871716   284025154
289661787   289828092
291969106   292133503
302428194   302620307
300667241   300830299
289499190   289646331
294356849   294529476
286516118   286664782
293929610   294116263
291465559   291634717
293751771   293911509
291081097   291259851
292863728   293036412
288130056   288281794
294569192   294719913
292933968   293082050
292312726   292464300
294810811   294973913
290179644   290331752
290106735   290286762
294060175   294211751
289005969   289156432
291825684   291979168
296491202   296675791
288115563   288264248
292347910   292508478
293121586   293280506
289106565   289253820
289641154   289792503
291576531   291740569
290508089   290658628
292990408   293159486
291838944   292001773
288404225   288548959
288542173   288711564
292552006   292736739
306659363   306829756
307500660   307659884
295359869   295518799
291939035   292089251
296509056   296663015
293419905   293571296
293453800   293625089
294375134   294556288
291544248   291713885
290630683   290787510
292260985   292446651
290590255   290759257
294826937   294989621
288591559   288755117
291509027   291668626
291736338   291889871
297322914   297508719
293681366   293842477
295206293   295384522
297968181   298172211
296619953   296768804
297487887   297639736
290962431   291140447
295574402   295752130
293053119   293229096
288081270   288241321
287439432   287583677
289365066   289518863
291522420   291697929
295208245   295385153
292992373   293136620
290066187   290225029
290575466   290746725
294660906   294812910
290610849   290770211
291804203   291985376
293992616   294161894
292487852   292672796
292279214   292459254
294833851   294997784
294741850   294924360
290201218   290365262
293709995   293874063
294857735   295027270
296350507   296526595
293078369   293267215
298565288   298717193
296044422   296207899
294388323   294576640
296106188   296261458
296775203   296949485
292265485   292418244
294517534   294697198
296095140   296255809
295299137   295480386
289025170   289194398
292512031   292675802
291710075   291869845
291168314   291323724
293448566   293606319
288465757   288644389
291194186   291355573
292223179   292383908
292549153   292695079
294456178   294616439
290823354   290981913
290487181   290636877
295078181   295252905
288656005   288818276
293848263   294020863
291877963   292028308
293574718   293735161
295077730   295233931
291236884   291394168
293032560   293187702
295038223   295225287
294310063   294487716
294641193   294803142
300178912   300337548
292473111   292634292
296615786   296788938
295906863   296074448
290371686   290542064
297324600   297493417
294413947   294621501
298041006   298206956
294940058   295093376
291851143   292019533
290944970   291098581
293866050   294015823
293862128   294028070
302257549   302432336
304445302   304625198
304330721   304486314
302444163   302611893
303596665   303753218
298740002   298911143
298737533   298891075
296582165   296770787
296222312   296382897
294736588   294903657
301051049   301218400
294600756   294752771
295861221   296022135
292909696   293077573
290173618   290319953
290980157   291127455
299678212   299852397
295813017   295987507
294090604   294253533
295640909   295796601
299081199   299257079
297819575   297995264
297825085   297978901
298783092   298953390
290096114   290245958
289429143   289594547
294418499   294612648
295255058   295416938
294711045   294891073
293665750   293827019
292748733   292908736
293005404   293170127
294277009   294435817
295161644   295313577
290288334   290439994
294206850   294371091
296411964   296586293
297171360   297339485
297102723   297256073
296496970   296656323
294145686   294313579
294638677   294792819
292435402   292587265
289839554   290003510
292993062   293162090
287069706   287238354
290853094   291004142
291167643   291338187
295960765   296113344
299398130   299563908
299749926   299911174
292662899   292842426
291294833   291489686
289880468   290050086
292790608   292957312
289762401   289931231
290328865   290500148
294236413   294396847
294199381   294377427
290092775   293758973
304795873   304950220
304220360   304374447
305729237   305884418
304849568   305003727
305700995   305855231
295383989   295537297
288593431   288780023
292554797   292841624
289174820   289390441
292773313   292922012
294605159   294764009
292743414   292895910
295589418   295750667
294728277   294937221
297638692   297816643
308487666   308645993
294637389   294802454
293926944   294095910
293375529   293537317
292380207   292529451
292724051   292869443
294175797   294338227
293584295   293759448
292535390   292711241
296566444   296748615
292508405   292660242
292984593   293143507
293908251   294072936
298690469   298848098
300095789   300273530
296398832   296560961
297821624   297976046
293109830   293284159
293745168   293911964
287436353   287596548
289879295   290033102
295021982   295191748
290809983   290978621
288334072   288486530
289834633   290007044
291662376   291836913
293150573   293329147
293052434   293204206
292713518   292877626
289233056   289410947
288890515   289042689
292683619   292848573
292654834   292816298
290498956   290674715
292044775   292219987
295218419   295379310
291825654   292018777
