309261447   309559000
309764199   310053872
305890204   306184601
318990794   319317813
314888192   315175972
308726274   309015641
312946259   313245662
312988727   313281459
310008855   310308961
304189835   304474604
306615038   306910479
312066310   312353542
305047955   305342661
296673532   296976685
309220611   309542725
303317095   303612917
299034501   299393709
299589256   299863258
299771829   299994313
297376473   297607482
297315554   297556668
299322303   299560524
321376446   321619949
300977553   301215579
295327065   295577826
295600551   295840772
291291272   291538327
294015687   294255145
296105408   296398309
299588534   299835097
304179751   304415460
297957380   298196767
298938525   299195011
300582095   300879276
297899350   298139054
297641747   297897756
295820652   296060438
299788002   300036849
296719118   296971726
302432251   302681800
299220927   299459690
307301452   307548180
297361129   297589784
293951533   294180760
295672663   295912195
295954512   296198461
297362117   297633185
298145742   298390456
301933305   302217146
296890655   297144551
297968480   298240303
295072171   295319371
305219129   305465810
295961672   296200191
294931111   295205605
300945633   301185569
304762445   305701261
298271620   298604744
298840329   299083083
292781593   293033682
299820259   300108300
297072569   297341162
300980303   301216210
293181639   293577659
295794895   296034958
297066630   297317218
291459452   291705789
294627832   294873046
295656897   295907018
300756265   300994393
294021083   294265033
295555228   295820486
295162212   295414862
314282751   314524417
298818812   299097336
295002792   295253798
295294730   295563192
296505154   296737598
294304863   294542534
297307574   297579836
296654810   296925536
297040215   297280589
294894362   295129863
296075525   296309062
295927573   296199254
294395760   294648498
296259211   296516711
294925269   295155964
294847382   295092588
293343054   293595120
291910507   292162119
292958005   293199467
292909984   293164738
293804026   294061903
292058796   292294550
293850264   294117567
293647125   293893335
298125360   298403353
292126524   292379768
308742620   309016717
293695544   293955260
300157008   300392664
297866285   298116724
291255822   291478168
293505119   293751825
293431596   293671407
296946680   297178688
296804909   297058330
294221271   294457554
303110874   303353094
295863706   296102852
300757746   300997247
292417433   292661183
295868780   296165179
295928575   296173353
295082293   295313871
292544633   292785056
290822314   291076931
293920513   294157778
292126701   292359954
304423892   304746132
294498118   294725899
292700003   292939984
291533707   291774386
296117260   296348190
295607284   295900524
301076122   301341438
290624169   290904438
293037513   293287809
292607140   292843908
296468649   296693151
288057825   288311710
293761314   294005029
294511607   294795948
293948045   294267360
293670789   293939464
295675203   295993752
292681977   292901774
291406886   291648510
295772333   296045523
296750411   297003185
327544521   327770310
301043614   301265912
294334494   294556388
293027475   293257645
294401488   294636412
293595855   293817672
292413422   292699169
292386278   292630178
293794053   294018863
302672562   302907052
302775494   303023401
303261917   303505367
302887578   303126881
300223576   300479520
300220458   300458305
302584993   302818406
301136613   301398381
300903627   301156555
306110713   306344161
301601647   301847361
292432959   292676478
293797370   294038031
294869804   295141415
300989854   301265692
292698923   292937053
294440647   294684708
296835387   297096052
296774737   297034020
296600255   296860613
294477533   294729150
336548590   336808319
297225923   297460779
295704268   295947679
297181119   297437871
296750448   296994567
295702093   295965240
296697927   296945377
295731300   295992210
293763616   294009061
299581173   299813247
299825711   300048790
294508718   294742489
295990956   296221149
298854319   299088030
344484279   344726346
302572589   302817384
293586371   293812462
298648381   298875946
323175526   323405970
295368770   295606374
294657224   294920489
295092507   295334273
295734686   295965274
296518850   296767637
298066995   298327587
300911505   301176719
297578987   297814263
294888548   295149916
294924320   295171463
294911944   295165567
297822933   298087479
296682583   296942518
292574932   292851007
293423460   293658533
292884342   293117243
297654181   297913952
301507903   301799636
302593358   302838088
303996913   304234810
304203976   304444986
302547755   302792340
304142269   304376408
302828220   303078245
306505750   306743872
304103446   304354372
303854847   304116099
304146896   304393029
298664633   298903867
295050626   295300310
299296363   299538938
296817188   297062916
295815290   296070886
294736833   295037107
295161939   295428668
296455116   296701672
297062887   298381526
296724480   297034215
303373681   303626786
296788009   297023601
296310489   296577291
296497446   296739031
296697077   296953404
297430879   297677897
349951191   350201220
293501443   293726723
295191236   295478831
293242286   293479698
293235290   293482406
291286829   291525465
290957598   291204496
295996715   296235457
305935163   306172128
293096382   293344490
293517821   293772918
294415899   294649743
317724119   317978439
303920817   304163403
290655436   290917721
294860956   295136662
297505247   298450518
305761998   306006187
299448463   299690938
311328524   311683171
296953087   297241578
297008067   297260084
296489842   296758322
297574072   297812877
297206362   297548323
299056274   299313406
299242510   299499143
301070285   301304769
297685211   297922066
297627311   297862429
300946402   301183329
297369675   297609624
297847868   298070262
297460929   297696988
301556269   301802683
310269038   310511900
298668902   298910193
304998559   305235235
308585541   308818810
296696894   296956968
298087197   298320887
296609604   296865383
298505590   298743092
296140748   296426379
296569183   296816708
298271236   298504574
300227757   300445767
294512620   294749658
296916421   297151802
297048774   297282284
292510026   292756942
292561073   292793330
292865381   293101712
292808942   293040025
288620080   288857841
291130855   291366530
293714503   293943216
294496299   294758499
299647557   299897855
294568633   294824883
296103843   296330227
292211116   292459496
288989382   289241984
289336724   289562380
286546092   286775299
288948885   289186724
382428843   382697765
294161842   294396814
295976619   296196124
294330736   294567519
297693268   297940577
317920118   318165470
295262956   295499542
294927860   295166390
296019480   296256982
291882222   292124288
287598904   287844197
295618436   295845966
297349176   297586520
330016777   330294103
292557125   292781814
289212559   289460904
352035873   352278484
297291151   297582929
293355133   293589318
294321739   294542436
296519140   296773812
292391250   292625044
294760646   295010209
296566899   296807129
291179436   291424973
295066706   295295235
294402494   294636868
295130187   295362061
294207775   294471789
295011234   295249791
297757222   298019694
296242505   296482578
297177238   297405465
288693402   288913211
287726698   287957198
289785466   290019257
314828587   315059845
293022055   293247372
294616728   294849654
291452498   291664601
355457678   355686723
297066418   297278141
291389277   291594796
292846534   293101988
292918695   293162620
304797151   305012514
295042200   295274357
294360798   294585159
293428360   293648102
292777614   293029364
293354874   293591024
296564927   296817866
294467346   294697601
294705120   294937074
291889361   292136375
294982433   295225528
286808731   287042389
285552745   285767676
287383561   287613190
287095532   287351978
293889341   294108185
291599125   291853508
294575102   294796131
291713178   291980655
294891298   295120973
290963525   291193129
296643879   296869955
292852685   293096351
295998976   296248875
294810775   295063888
292004878   292231393
289950432   290197374
294113913   294341388
293015298   294651543
295208195   295485285
293916804   294208961
293345718   293626983
292695859   292936182
290983556   291186687
294732397   294968931
308262767   308476973
304465423   304715164
303598972   303892396
287508913   287804310
293880873   294102243
301253273   301482534
301169952   301376785
304447270   304666086
293752961   293950726
293073198   293296851
296261598   296482088
296078158   296289106
293640170   293848279
295454975   295663415
295628163   295849557
295262102   295461560
301931598   302124870
300444146   300645676
295185976   295396087
293030534   293252381
293635390   293856684
296356617   296591129
331703193   331903594
295075102   295278659
285117348   285311118
290744225   290977703
288075411   288280014
294154307   294384525
297772811   297975103
295861167   296078756
296875244   297072593
294352303   294561179
296787934   296991908
293599636   293814535
293058583   293266114
294379078   294582601
293995082   294222280
293549648   293762408
294286490   294501920
295782891   295992018
301245814   301442129
301419487   301645292
302525823   302741619
301142371   301363472
303089393   303329342
301936969   302169928
301221314   301446008
300434506   300643608
302236495   302431567
301438455   301674266
299065617   299286608
297968441   298185979
297610422   297822950
295245428   295458812
297163837   297376542
295882830   296078088
294733250   294984441
296578850   296772007
298069496   298309124
294535793   294741957
298313052   298522356
299217604   299447613
298303223   298521675
313957916   314162846
299803251   299999209
298892794   299092790
296827257   297019227
294414113   294638188
296288449   296504923
291229810   291465886
292571296   292773794
293148790   293341888
291435362   291647610
289821211   290031003
292389669   292623293
294817559   295010935
294529989   294783142
294686826   294890241
295637619   295832333
293177111   293523594
292159651   292367905
294902490   295101865
295681944   295878776
293870512   294073877
297092396   297305314
298247309   298451613
295260944   295453014
295023305   295206320
297078303   297308646
296410022   296631741
296932126   297130799
293475306   293688330
297988543   298196899
296053805   296266106
292628563   292835617
289467410   289662586
289728156   289916385
288383244   288575601
294996916   295211374
295822498   296022776
295886385   296079096
296450734   296691736
298174683   298359889
294796067   294984411
292132129   292325846
286191803   286400934
294252495   294444851
286689386   286882698
294991494   295198709
295375954   295614687
293842637   294045438
291723620   291918194
296059486   296260623
294288694   294480686
293719296   293917738
293725172   293918432
295272816   295482085
298053502   298263420
289666648   289856784
292193361   292406000
291093764   291283537
286650391   286861179
298801782   299035538
294134459   294330275
296330773   296528534
294000743   294213084
294829683   295048760
297084859   297296271
310144348   310347060
305910563   306119672
295380337   295575793
294175751   294384281
294525645   294740810
291675374   291904253
296871272   297054865
294177592   294392782
295464730   295663527
291728096   291929964
295788537   296005939
295439154   295658128
292195945   292418719
294514449   294722532
288360574   288550465
342253619   342451314
293279232   293466311
306888639   307089369
293070207   293251922
292817076   293032763
293011432   293241691
294109477   294303602
291094829   291306741
296399854   296596712
293493431   293687605
293185670   293386891
295227515   295455695
292946469   293154778
295693475   295926761
292528339   292739884
295151397   295334943
292044181   292240903
294344829   294534359
292188696   292392511
296563754   296765541
294948715   295148964
293476713   293698627
292347405   292592861
292225348   292469085
316662730   316884640
291725144   291921637
294736557   294926959
293214052   293442818
409620756   409943567
291755882   291985830
293776262   293973701
295583459   295775780
289989459   290222070
297169861   297401785
300126414   300341213
290505694   290701106
300587345   300790254
295957359   296164295
291172554   291363032
291643089   291863024
291476714   291678997
289175556   289375551
294002572   294212123
293332808   293534714
290743047   290960731
291311588   291528234
293372297   293585349
292035843   292221058
290261049   290497246
291222974   291434562
290614246   290830630
292045120   292256392
289877493   290093877
296358833   296572771
291375245   291571262
297363030   297574268
295068406   295258453
292894337   293089236
305574233   305795736
292526939   292747345
298453566   298646111
290418783   290625369
294513268   294729538
292227656   292455807
322131442   322354748
323899625   324125680
323412537   323625349
296978449   297173147
294123602   294329973
292709009   292922706
297875944   298096587
297372265   297572375
294464166   294659045
296455376   296663822
298067278   298276358
294562875   294757547
293928364   294124575
292518671   292716122
293867624   294074492
292614374   292831058
292694071   292901734
296541160   296764435
295734442   295940661
296555359   296771379
295645062   295853521
297285327   297526513
299339452   299543132
297908575   298100114
296302207   296534646
295295592   295495020
298816689   299021344
297424931   297622797
297197752   297405980
296792645   297001372
294025456   294234392
290599834   290803044
292989112   293191207
292525111   292753288
293259207   293508882
293057717   293264110
292012670   292214024
291564639   291760498
292712684   292933420
286466725   286669106
286780685   286985067
290799542   291005483
297804208   298011804
301597745   301805563
301064821   301269550
300843987   301055132
302121820   302331559
300708799   300911927
299758442   299957057
313854278   314079604
304438804   304645858
302069327   302261200
298092008   298286631
295848169   296062996
292417216   292609895
291246836   291467414
293755639   293964205
295001798   295212511
296502289   296703702
294277363   294470381
293449042   293637716
294027184   294232952
292712952   292918194
288600222   288806632
287897831   288097746
287071285   287286549
292536595   292746514
293938118   294148021
326709168   326911299
295708312   295922162
297599550   297811631
359890847   360091115
296883273   297100552
294531821   294742904
294146115   294335685
292117944   292319445
295398152   295600814
295494750   295723242
295580459   295826235
296737210   296953085
294600132   294797167
296253426   296451790
300069130   300268245
293269861   293463762
296440120   296684047
295803805   296015928
293777748   293986129
288245362   288438336
288868796   289090583
288799454   289008675
296383857   296576157
295115174   295324105
296288422   296512432
295975019   296192347
294615859   294852756
295695287   295883882
295866174   296091727
300281831   315490071
298316718   298523865
293336210   293551320
293082507   293298195
295223857   295463282
297152104   297372936
299154849   299359291
298043012   298252127
295552183   295761211
293164731   293370425
294406489   294653861
293212018   293418581
294606097   294809443
290279989   290485003
284331063   284546058
285514262   285719683
290803386   291024433
296678953   296888062
289506941   289696793
291131204   291348717
295947595   296149400
294027070   294246336
294278121   294475985
294773109   294981937
292144960   292344279
291865051   292054516
291369164   291565190
294444702   294664329
296039105   296266003
297013334   297254191
302756577   302950952
302342663   302531239
299942258   300157066
300878000   301084562
303141200   303347863
295371117   295555096
288972026   289190848
291887870   292111879
291371471   291548623
291560757   291772271
290473950   290674668
286380696   286603595
287902045   288093774
290371379   290603915
295471037   295674300
291038081   291245416
294477506   294682476
293839953   294044028
291148420   291373287
288860999   289065597
288519287   288740324
295812233   296054276
290333606   290541932
290575018   290805845
291336464   291537421
292032116   292265573
294637600   294840378
296828893   297059951
292532329   292728982
292367859   292576273
290502251   290708705
292302922   292511354
290599780   290804260
293889579   294104344
292363003   292572260
291501381   291715743
291676773   291882820
298436197   298639143
294450866   294664284
292804673   293026302
292303194   292530158
293161486   293368801
293388537   293587619
294044062   294255643
287333589   287533059
293440324   293658328
294958109   295160938
294179930   294379868
293012662   293199836
292925304   293127765
333736422   333992176
301420223   301636857
297946035   298152574
298789943   298983226
297484525   297692149
291005462   291238199
290175657   290362172
289797836   290008854
289198929   289392858
294123834   294345167
291772078   292011580
291801927   292023757
289936530   290149349
292937594   293148091
290282121   290481132
292973156   293189653
295422119   295628672
295649223   295863028
292956828   293163374
291784181   291992850
292609634   292820273
291800403   292004949
301922667   302128127
293783606   294013468
293293247   293489757
293068171   293280173
307657258   307893968
319492533   319715426
335353939   335556579
297366171   297574624
293128811   293332407
291472966   291688640
291703513   291894856
293754510   293983676
292414730   292623299
292898159   293100836
290991047   291195740
295184066   295409397
294860462   295047096
290120653   290344645
288902791   289127079
292713201   292925134
293492703   293690626
291533513   291724759
294999397   295224651
297841275   298042633
302940640   303162604
301149895   301356217
302739836   302958531
301095419   301291986
301554411   301768440
302966190   303159960
304089768   304294193
302388829   302603449
325360756   325590486
303275280   303464481
296936309   297130397
298938230   299145842
294371148   294613406
298270703   298476396
293993842   294207951
299390705   299608877
298966220   299191889
295028198   295228847
296138500   296333703
295907206   296096508
296744811   296973748
293240201   293438881
294415741   294646572
296227705   296445123
295303326   295515969
297082927   297293629
295346325   295539472
292423408   292619229
292161380   292362080
290413090   290621229
295346156   295583142
293718517   293925929
294656186   294859723
288872799   289074409
292286172   292489533
291865938   292065911
295125159   295357176
290242199   290445566
295741875   295939573
315578794   315802676
293480654   293711419
293066471   293272836
289806370   290007954
296329473   296574363
296094113   296291198
295138374   295345057
292024239   292221123
293314599   293517921
292205920   292400661
293275180   293477063
294006810   294233197
292783789   292991700
291935475   292143361
294547897   294770897
291670700   291870130
293062542   293255590
296076317   296304732
295035398   295246306
304260323   304467048
291855640   292069573
293117896   293350275
291050334   291262678
291241198   291456406
291641543   291869248
293097661   293323237
290747587   290983910
293959207   294183895
291483956   291689138
294320446   294522471
291514747   291724735
293916829   294154163
293978624   294203933
294664204   294862843
296088904   296298261
293535141   293742197
290562386   290767504
295655082   295935039
298226503   298465406
288138390   288378128
287610039   287817704
290673382   290887242
291592526   291797790
323864035   324093672
293629372   293823044
340052657   340252991
290393986   290599312
290711937   290930170
292941015   293171580
291040532   291246945
291044285   291237497
290592641   290811255
291918743   292106591
295367409   295583673
297223752   297485604
295802729   295991912
296101606   296324307
292141639   292326640
293627905   293829272
296939628   297175298
337255667   337469087
294033266   294254573
296508761   296715617
291779232   291976173
294771170   294992428
293659758   293854826
294625528   294819667
292305408   292547369
292060167   292246583
366225469   366427426
563366460   563567703
294653884   294891429
300164386   300379898
301484312   301694328
306539834   306750380
302978717   303171365
302466309   302669506
301222031   301421712
300775721   300995849
300945215   301144712
305387524   305597509
302912965   303121611
299538713   299750242
298420061   298641682
292176177   292386137
296481637   296675351
294056455   294272015
298891455   299118441
300981731   301199213
297529470   297742937
293290494   293496741
293412911   293648630
294059196   294289065
295576958   295775977
291286685   291499060
294137144   294348101
295126404   295324510
295557223   295775684
296544687   296764270
292307742   292513445
296475761   296703001
293461835   293671200
309694228   309932222
295946265   296154843
296660200   296871366
293793270   294037128
294247424   294470748
293978893   294190822
293256420   293464979
291951613   292179084
293874368   294081423
293065367   293266277
292798361   292993891
293081449   293281833
296881377   297101585
293093254   293304314
296347872   296545786
296002769   296222641
296529179   296722434
293919373   294124762
294023245   294228720
295196854   295446040
298695563   298899332
293827409   294040336
294731572   294941198
293577370   293789222
293389682   293599690
291111671   291358480
293142167   293355408
293731633   293932579
297294925   297506733
292480764   292676334
293601554   293811095
295601620   295808430
296247121   296472639
301304587   301524716
302746685   302949133
299636907   299836408
310770634   310963451
301500663   301718721
295044483   295269113
298268270   298474652
300708267   300914110
305088552   305299088
311828924   312032485
303367993   303564495
297460984   297677604
295204840   295423561
297722952   297946271
297835712   298039085
297796580   298041485
301500422   301710662
305205266   305424586
303571432   303777831
299050697   299250561
296124354   296336014
296755903   296961895
295590926   295797405
302112942   302337481
303303050   303510947
303274274   303509404
300543542   300735338
301699914   301914714
300153776   300366249
378871230   379111921
301155681   301397355
300986203   301200693
309934213   310140129
291383817   291588905
293299589   293509150
290504072   290719542
331258880   331462535
300461270   300670263
298153423   298378352
299069865   299279840
302216187   302422611
300870849   301072712
300993087   301235374
299100224   299329407
293672818   293880852
300209725   300434221
298063953   298311088
295475032   295670718
300397256   300587080
294855346   295070845
293637604   293860228
295739370   295945830
295580088   295793542
294111816   294318823
293244699   293455243
298084623   298286761
292353870   292572620
301558800   301756021
299217440   299463434
294940583   295164946
295761639   295970807
297723151   297939766
295697564   295898800
294612618   294833239
298430551   298637079
296591649   296809155
294725143   294962786
296336022   296566720
295332048   295540319
299135447   299344056
294958004   295166655
294815497   295035080
297202611   297408687
313060691   313274539
295772026   295989382
299103219   299319317
296595380   296790675
294938220   295148141
294288440   294483206
301618529   301847549
293318509   293563031
295889001   296122924
295931110   296139166
296738382   296936333
295817703   296029841
297907721   298108070
298295012   298511234
301760687   301991073
325427810   325637927
291509746   291698355
289935283   290132885
292748446   292952382
294037058   294249843
297518152   297726475
295181142   295389629
295105262   295313398
297840288   298062887
296089031   296292583
296864582   297101640
296192482   296389265
311693057   311903443
293835184   294069688
294249766   294434241
295848362   296066310
292485262   292673065
293522029   293726959
295130367   295347064
292763486   292964998
293744675   293956236
295760790   295970892
291075489   291290624
292770268   292985029
291920281   292112159
378327810   378518613
288951977   289186622
291800219   292005805
294621090   294811962
292651843   292894830
292399918   292624840
290652728   290883038
292109994   292311036
294251387   294462710
290106370   290303369
293480425   293701328
293552673   293776830
296755526   296999990
292719609   292920712
291234678   291457526
287579640   287784678
393156802   393382933
293123161   293327814
292475197   292691429
295738875   295926734
293275166   293493836
295814322   296015968
291722515   291936939
293973567   294196668
291806739   292003221
292213815   292413900
292466556   292679054
291138716   291358531
294573816   294776607
290575127   290789003
292737397   292940700
291000122   291191701
294716527   294908863
290650479   290851395
289060103   289256881
290832463   291028901
291132661   291353174
295694665   295931114
293904966   294148910
288092349   288325997
294147452   294359519
293384653   293581267
294408932   294602154
291476784   291661272
295359961   295545575
291936270   292165855
293953023   294164036
294078833   294274907
292758047   292943721
294113188   294337745
291757039   291957402
295478228   295677228
296808659   297010420
295104785   295322317
290910327   291140570
291777338   291975813
291764794   291983408
290968415   291205304
290019196   290220193
290422616   290627181
296258586   296465922
301698414   301921700
301839794   302038789
301666049   301861975
302739403   302954458
301409330   301608637
301953916   302159029
303186873   303387324
300682465   300900808
298543998   298757198
302834865   303048113
296065209   296283112
294942880   295147682
294736674   294929392
293307018   293499236
290363705   290586310
295096528   295319921
294525616   294719923
287970166   288176999
292300634   292498879
294334177   294522476
292613934   292819302
289590408   289784917
294522964   294719648
293709488   293898618
290940076   291172238
289465401   289691458
296848691   297032185
293817527   294025821
292623997   292841903
295498787   295722902
300722604   300924414
291124764   291322953
292683974   292897246
292204631   292408124
300941389   301153093
299498341   299694090
298917827   299118377
293475739   293676638
294711855   294897502
293236890   293450410
294832985   295048959
290960861   291149112
291585280   291801220
293942549   294149290
296341051   296540790
294543701   294748139
292506150   292703339
298676838   298895337
295920771   296126472
299721420   299934319
298126176   298338312
303175313   303391059
303697706   303917789
302071068   302271306
303141126   303344846
302638527   302844216
301492956   301701519
301488319   301710493
302435278   302652583
304748810   317593439
308183677   308422554
301518370   301713211
292029334   292224930
291751352   291950615
295242143   295460911
291502972   291705800
291017911   291238142
293316224   293502913
290391790   290596589
291776849   291964752
291784146   292007181
291227494   291445757
289914819   290150686
292748447   292944662
295348678   295573753
289245745   289432975
291670257   291886029
293084484   293323617
292803312   292991985
297253263   297467316
294042085   294259685
297883904   298160138
294655099   294895513
296761927   296960137
294492177   294693219
299437436   299630463
298637322   298832360
295564071   295760140
296095383   296306029
294503814   294699658
295318130   295536069
296077807   296269111
297182991   297401411
297338015   297551828
296612841   296826557
296461733   296676080
295621650   295837471
297815336   298016818
293877720   294070586
295680376   295877789
294321844   294532866
294243522   294435200
294173750   294417159
296684527   296900493
303077332   303284885
295496233   295703078
294836438   295046488
297119498   297304148
296399726   296587045
291765503   291982009
289852480   290032583
297305871   297521162
293132030   293344770
290970143   291197105
305814591   306009562
295328378   295524338
296264714   296478410
295385177   295584214
299244678   299445958
292945350   293146740
297118177   297302414
297262705   297476408
301841144   302060157
303385442   303583131
299089891   299313865
298312378   298524227
299944474   300139089
302035160   302249765
300501086   300711680
302392986   302605735
301120618   301326376
302666533   302858893
291892753   292082782
287406263   287615726
288013589   288217266
288866838   289079577
287802985   287996867
288938633   289150332
294191592   294396417
296634995   296831709
292742385   292931170
294061269   294285974
294119253   294311088
288078163   288283258
288667758   288891720
297038141   297260662
292642027   292831810
292849145   293048222
296960997   297165069
292476409   292684720
293346946   293549758
290521141   290735425
290353479   290572106
294818984   295031486
296204800   296409438
291223925   291412928
292544173   292760735
290913756   291104044
294409112   294607897
295553353   295776174
296761460   296946801
295602577   295824534
294627614   294824958
