282072436   282214568
284875381   285019015
282727077   282887435
282514580   282650769
281858500   282006823
284960599   285079531
285028768   285150037
281742788   281864152
282589162   282715848
281228687   281354260
283417053   283536301
284366102   284484753
284375601   284515904
285640721   285807727
284498500   284624947
285081256   285226589
282875169   282991604
284936317   285067355
283546085   283678740
281937818   282065260
284337729   284461643
281592321   281712416
282029381   282188907
282357833   282494519
283918740   284040121
282974745   283104827
284598098   284735983
285108921   285242839
283753141   283871682
285193877   285324359
284997866   285118516
276582460   276701609
277420114   277553147
278440653   278570457
282539531   282669157
284575986   284712427
282927658   283045435
282126313   282254418
282407988   282541933
278287849   278437206
281208449   281344338
279605699   279725302
279758321   279887884
285115813   285267206
290380770   290511226
288231594   288350033
290034410   290158618
289899594   290040367
290269097   290398449
287373656   287505126
289031040   289157225
287711601   287843047
291041133   291173988
286030911   286160144
283386058   283514050
284088337   284208473
280488810   280612076
282951469   283080880
282593916   282719568
283762260   283907764
281722838   281847755
281802291   281953048
283531772   283650927
279914421   280032836
280333768   280454616
282611654   282737169
280830696   280963542
281906735   282033869
281418493   281536133
282412179   282560635
284382267   284508705
275496160   275634578
272428386   272553395
277770629   277890675
288542526   288672655
292584022   292721043
353870554   354002196
317956962   318085029
283814315   283943316
286312648   286439465
288056721   288188389
285802363   285929497
285128861   285251191
284504335   284642794
285106782   285226840
286401225   286533278
284859825   285000536
287329996   287457932
287897572   288022197
286739536   286883849
286165421   286294116
286083602   286202454
285858509   285987482
285153022   285284916
285711302   285842628
284357140   284482997
286163209   286302352
284374646   284514617
283229670   283357209
286103453   286236482
284526131   284658936
287518769   287665964
286513606   286642680
287016479   287149307
285027763   285158224
284535785   284659296
285802804   285941234
285525888   285662031
284555471   284685901
281876289   282018971
282092808   282215830
283559679   283690900
283735355   283858510
282454576   282585665
281948132   282075854
279817826   279949089
279958316   280088836
283923931   284055407
284866503   284997448
284588001   284711458
283462583   283595862
282613318   282734618
284227655   284352365
285927861   286070549
280028100   280177545
280482862   280605065
279792013   279915340
281218214   281331630
279731564   279844816
281311054   281439178
280985784   281107845
281076922   281209252
281914030   282041279
281002341   281141270
283856532   283978537
281312105   281449533
282712986   282877268
283780173   283903910
280450593   280564825
280025618   280165146
284948333   285093203
283713061   283836191
280111882   280252642
280540698   280664978
280801224   280938064
279454958   279574270
275839501   275975068
280647473   280765508
279589979   279719003
277196950   277327107
280536028   280666936
278956769   279068876
280833722   280949002
283039560   283192391
283918599   284043767
283396228   283534512
281988476   282107795
281846244   281962346
282336365   282488747
283240054   283368692
279212345   279357392
282096283   282210417
282209376   282335557
282265601   282403999
282971819   283112001
282206137   282336652
280492826   280614493
280813957   280934697
281430197   281548782
280762591   280929930
282760892   282880772
283884101   284018409
279516544   279643971
286866678   287016169
285448274   285584389
281455753   281586900
282717707   282836618
280903633   281041473
281321926   281451215
279907586   280052884
276914095   277042588
276904131   277024135
282119095   282240090
278972999   279104587
281123867   281255195
280274392   280389824
278231746   278374315
281797042   281937443
283772284   283914099
283700205   283820640
282786399   282921707
281895179   282032751
281598801   281748243
281302007   281438290
284878556   285001493
279373908   279526701
277860891   277986116
283010030   283140042
278651908   278770885
281020459   281140995
281464274   281589886
282115520   282233829
280726296   280845905
279852748   280000993
283236198   283351895
284389346   284512885
282387750   282504650
284679703   284814041
280238571   280352688
282600839   282714028
282271366   282391120
284714508   284840961
283761767   283876687
283072651   283222526
286843670   286964211
279828294   279971084
276806750   276952883
278936881   279078779
284938973   285054679
283375302   283501733
281478696   281618112
281909198   282040419
281930364   282060470
277623539   277747772
274350275   274479661
273200966   273322216
283492763   283638492
284511665   284641446
285276336   285396274
284621743   284753820
281373475   281492877
284587755   284714516
283120065   283261525
284612145   284736874
283162145   283284145
283648534   283776468
286820921   286950264
283061741   283183147
288203733   288325452
286520947   286641394
287453801   287583396
285765949   285903331
285108087   285246049
284639560   284771685
287211413   287334246
286468254   286620748
285182325   288139142
283280783   283402710
279742682   279860627
280772607   280898771
280681270   280806589
283618523   283737497
281885867   282002499
282216558   282337118
282743735   282871691
283229722   283348824
286189305   286329071
282439801   282559764
281829601   281961264
281534678   281660468
273758481   273884389
276852782   276979629
277026022   277154512
279815640   279933914
282441431   282560576
283403955   283531302
280935741   281071114
284231070   284358615
284790168   284927364
284953379   285071090
282755201   282872998
285140789   285271045
286497950   286622874
287931834   288063813
284659512   284809726
284664739   284791045
282945064   283068164
284079075   284218096
284420095   284557143
282157931   282312097
281403159   281524835
282039020   282193498
280244392   280377518
282383547   282517887
280321898   280464448
283876157   284044411
282848346   282977861
281457485   281598723
282425105   282555169
282882402   283012097
284136216   284279014
281894415   282006487
280802979   280971740
283325222   283452972
284741778   284864499
288122019   288262259
280001884   280134286
275885039   276005568
277625796   277756625
274666495   274790754
277292644   277431092
280419248   280540335
280522086   280649312
280730646   280853747
279939443   280061676
282274420   282399822
282841405   282971630
283878411   284012065
282493584   282623331
280913635   281032389
281322970   281449559
280375560   280509472
282652247   282834425
279337613   279468798
279211154   279335514
280841286   280959505
276674062   276800179
276942902   277058107
281467626   281592692
283240468   283372088
282177797   282307959
279579448   279706386
279233280   279366617
280037196   280166316
280892262   281022777
282581299   282708174
281023732   281159809
281322436   281475024
281659132   281776020
279512368   279633285
281565004   281692703
279829378   279951207
282724741   282861507
282438298   282581389
276501749   276620003
275813801   275941643
275128160   275253816
277327091   277453385
279383515   279498230
281059442   281178923
282560295   282689269
281944078   282062895
281453675   281596261
281860719   281987372
282137260   282278584
279566381   279702858
281057490   281174907
280035008   280164246
280126404   280253987
280146400   280272721
278626731   278764968
279535840   279686008
279070404   279200744
278305568   278425251
279815154   279948174
281013349   281135438
279707158   279863960
280263585   280379150
281617850   281737833
281086687   281213332
284932806   285075582
282276729   282406543
279410365   279529113
283312536   283442084
283521408   283647762
280051138   280185582
281882017   282011130
281203570   281328426
281468034   281621233
281327246   281455333
281106344   281229823
279021444   279151651
275745316   275876510
276961497   277079043
277692266   277817394
281633215   281759916
279887202   280001356
284847730   284974363
282388941   282531357
283222244   283339620
284302268   284421221
280468137   280598510
283015189   283147408
281154278   281280516
278643479   278757963
281398078   281523826
278164853   278282876
281859542   281982060
284061173   284188584
282866223   282994532
280698308   280832654
281261420   281384384
284806118   284927558
283205464   283325612
281321382   281450672
283086194   283207518
278934051   279058600
280105360   280232774
281107841   281221946
279128820   279243884
278588870   278702414
279580989   279731917
281177714   281315203
279387354   279503532
280348264   280477261
283752653   283879724
283950481   284087853
283534370   283663348
284089137   284207055
277819419   277940336
275940639   276054056
276999263   277122615
273430571   273559203
283864190   283996466
282868510   282993017
284460920   284596975
283609453   283740325
285029480   285159046
283644263   283761653
277785477   277902550
275815474   275935716
273703107   273841278
283027687   283146502
285726831   285869150
283618394   283743573
285142019   285278732
284189833   284352007
284926891   285050711
284736801   284899028
284477920   284603913
282025749   282161966
282454408   282578100
281160176   281290459
283355743   283493582
282599442   282720298
283459810   283590357
283519418   283677657
284120665   284241568
281980068   282112781
282858875   282979115
281579326   281707384
278727488   278845596
284568499   284698812
288448430   288580004
285512212   285641248
288138884   288278705
281155084   281299641
280581552   280703006
280571892   280690501
282760344   282876922
281547918   281704606
279327074   279445668
280749723   280890769
279197374   279325968
277924062   278053719
282318358   282448231
281899326   282025139
283306615   283432412
287419383   287538593
288360732   288491480
285701909   285829262
284598858   284748762
288129436   288256605
284051372   284168960
284945791   285059957
287807874   287955563
283340548   283490798
283914139   284056019
280834498   280972130
283779584   283904988
282905701   283047298
284907042   285036270
283686252   283813446
282585965   282704987
282990998   283117489
281731791   281856828
285275112   285399951
284093751   284225235
283190365   283321008
283297339   283432123
283476097   283598843
281695916   281836969
277538466   277664836
279817445   279942111
277319775   277442431
282182529   282305179
279464923   279608071
278374554   278491472
279297394   279429735
279660614   279785319
281735733   281880779
280041449   280178151
281904394   282037453
278842010   278958868
281287415   281404868
281296778   281429038
286131440   286257506
281189236   281327288
283432460   283549171
283164967   283290879
284868897   285006224
283731107   283852678
280773571   280896576
281605364   281723980
279563499   279696489
280900616   281023002
279380696   279504616
280310177   280433759
280123774   280250533
281435055   281561130
281021995   281153070
286705028   286832328
289174301   289300879
289133405   289262932
288467579   288600326
286004071   286136305
285850590   285979298
284617200   284751882
283742018   283872450
282010039   282141902
280284993   280419012
280768124   280887754
279547308   279667504
277000348   277127902
280249630   280390123
279564118   279706537
280572105   280712036
280693580   280835391
283060046   283189430
282841616   282978303
283098176   283215951
282133740   282263761
280059343   280202450
280505599   280638859
283210452   283353258
280203903   280331636
279222435   279337871
281231413   281357103
280329962   280463986
283611553   283766268
287458089   287583758
283786788   283934580
278414690   278564177
281443235   281582871
280282871   280408544
282336859   282461552
281332659   281481155
280587679   280739257
279442601   279584065
278428353   278549423
281856139   281993970
283300298   283429094
279794094   279911995
279861377   279982529
279716102   279835958
276511743   276647951
279913952   280039365
279314494   279463882
279039940   279185634
281935034   282067683
280523427   280650908
280646874   280774037
282279505   282401111
282313337   282435202
281022409   281141024
283558016   283686330
280959582   281089442
282009108   282129874
283184587   283306865
282062208   282181978
281883921   282037641
280952172   281081667
283365575   283487373
284036442   284154092
281651479   281786716
282343629   282470808
282334861   282452866
280428023   280556673
283130812   283263048
281371402   281499100
281056590   281186433
281389468   281508383
282554040   282688366
283236501   283385958
280455798   280573310
281790760   281909867
282051913   282201811
279438734   279566046
277718085   277844623
276553222   276686815
278688508   278845478
280607515   280728170
282646631   282796349
283500320   283625597
281463988   281612102
281001745   281137202
279078985   279207690
274423939   274559769
274069294   274199899
280963447   281098148
281348253   281486848
283395452   283515753
285029198   285170827
279871848   280000049
282629740   282757912
281939306   282077962
283819295   283948814
281906681   282034332
282341624   282486709
280038514   280183392
280591738   280733316
282592351   282739828
282732756   282860354
282072474   282195806
282527508   282663891
282792601   282909114
283515407   283640169
283215601   283351155
284333274   284475597
282121906   282250592
277279190   277417848
273205830   273333711
274766844   274891485
274029928   274149718
276635491   276762193
279016301   279135918
278200231   278321587
282435457   282566905
280852838   280989073
280009225   280131906
281581532   281699987
280583794   280703275
283529115   283661760
281351018   281470799
281644942   281765179
279687490   279807916
281595188   281742692
282227757   282352079
282597854   282730750
279760583   279879829
281340543   281489096
280028260   280160828
283943571   284075373
283747618   283889184
286657432   286803937
287371864   287510232
287818578   287942138
289349476   289471427
288274975   288412763
288051491   288179327
287829253   287953500
287561146   287686200
287537417   287666783
287317435   287444585
285485892   285639484
283598212   283727325
282924866   283042565
283278168   283402411
278280113   278403490
277500297   277629469
275415010   275543859
280301817   280418733
284186194   284314657
287960572   288092849
285390241   285515576
282691854   282817680
282584384   282721334
285424401   285551702
284376170   284509177
282584203   282704711
283432280   283555625
284500278   284650521
283188169   283319723
283075700   283203305
283587269   283721444
280387844   280519343
281106658   281238515
283540373   283669891
282914546   283029115
283528465   283658773
284641449   284762274
284515311   284661751
283499824   283639327
284825282   284953447
283944075   284064182
286134557   286254621
283940251   284059659
284290919   284412444
282750404   282879305
281580758   281709594
284929197   285059605
284773154   284906708
281443841   281563320
279434108   279568225
279749420   279875228
277836585   277969250
280873300   281008605
275740343   275857773
278260407   278380287
282194490   282331566
282164350   282289800
282313578   282446893
281959678   282090916
284837390   284958766
284405226   284532948
282218186   282356623
280631737   280756805
279006364   279131078
280832558   280967816
281265779   281390831
279678215   279820766
281115871   281243777
279087655   279203937
277735573   277862186
278128663   278247149
286377586   286503985
282269014   282386339
280326181   280467706
283852342   283973061
286322097   286447431
289454418   289584790
289348454   289468805
288758304   288876516
286446417   286581722
286034350   286152214
284158779   284287975
284952338   285090161
289637309   289757254
289309484   289429040
288390723   288524676
286282195   286414513
283800140   283925396
283468981   283595596
284339972   284480855
281142415   281310407
281472751   281599157
282110246   282238934
281621337   281750851
281630271   281747146
282859493   282976821
282121114   282250362
281545100   281679754
282726949   282866287
281339896   281464636
282256714   282394368
281050399   281172829
281895918   282017251
280818722   280936765
280633395   280749387
281659739   281776296
282705177   282830467
279065064   279182300
279675322   279809540
281688109   281805634
280775361   280896638
281700448   281820608
281544106   281674179
281370606   281504451
283127443   283253041
278479492   278597426
277608257   277769582
280983257   281123572
280006070   280168362
282142880   282268027
281144942   281273004
283604261   283744337
282931219   283054230
284015568   284157155
282965823   283107786
283512427   283634828
281568728   281686831
282552587   282698765
281853387   281983221
279406859   279524096
279534252   279661157
279485019   279605964
279112056   279229797
278728681   278846812
280468574   280579594
278471741   278595380
279421446   279552939
279496856   279613946
279148994   279261373
279853596   279999163
283983472   284119267
287893504   288030266
283530551   283661139
279719798   279837999
281087332   281212582
279092042   279218428
279835800   279976557
278290887   278417361
279176776   279304919
276591670   276719462
276563175   276676177
282499298   282638044
279470290   279586697
281012143   281149839
280950247   281061070
281920661   282034193
283805111   283957029
281210765   281359908
314726813   314874781
286612521   286742334
283701353   283821849
284172764   284300317
285545641   285662670
285219033   285362362
277328281   277447121
282360028   282477771
281676514   281802468
280402747   280546142
283020166   283136056
283836079   283968873
282081594   282236491
281188115   281323959
282602189   282721621
283838292   283956467
282455753   282596637
285164522   285293634
285640384   285767808
284928842   285056576
284118433   284241105
283005042   283124935
281505272   281629088
280491426   280647442
282494793   282623692
279495994   279612096
278671295   278808491
279538982   279657139
279946098   280058664
276743497   276871845
276133806   276252657
276195132   276321357
281576204   281691828
284906299   285025956
284195438   284330465
280918584   281042201
283344456   283466654
282907103   283043510
282349835   282483796
288414635   288532368
282540960   282669549
281645449   281793553
283894647   284035019
281840098   281959141
282323438   282437594
281313309   281441050
283026026   283164657
279903571   280033951
280384810   280518602
281408758   281538125
283593296   283717674
285723843   285866710
282497078   282610432
288291917   288418857
281085163   281215177
285191541   285321402
283325002   283467182
281607520   281735545
278306994   278430750
277472393   277604063
277107912   277235224
283533592   283664243
281072916   281201636
282517484   282668083
282361635   282489998
283237251   283355073
283265724   283410183
282796288   282925247
283541923   283666772
281780346   281911834
284329256   284460044
279358142   279489274
279332983   279456776
280599562   280713243
305418165   305558958
280372575   280489328
280169389   280297552
281550781   281672631
278903992   279031428
283204725   283334708
281269761   281380412
280783583   280908443
279102010   279217209
280759811   280878897
283704935   283839288
282851405   282992990
282170830   282297292
282431021   282561394
281332967   281451662
281310099   281433172
280367958   280507328
280887251   281008110
286633933   286755800
284025724   284148011
278906152   279024090
280269303   280399029
281026860   281155062
280786516   280916936
279802646   279937627
279605482   279731324
280346597   280469640
282116184   282241262
281457534   281604010
282494717   282626600
281077675   281202456
280531767   280662218
285574688   285697962
282958997   283087919
279642192   279776810
281608561   281740852
280373547   280511745
284705331   284833153
281722957   281869245
283289430   283412408
281235805   281370463
282979696   283112002
283651784   283802762
283815848   283943138
284061176   284186192
284879253   285010230
284013359   284136745
285681260   285808362
283114862   283236255
283591523   283717352
283736340   283869355
281013870   281133574
286039622   286168170
284297524   284418909
280754962   280889813
282750603   282891081
281935822   282067327
285811219   285952420
286328020   286452646
284564429   284693178
285073715   285186156
285271367   285397435
283283032   283413342
282231658   282351220
284385994   284506950
281148670   281268896
282320510   282444640
277830597   277956143
277938044   278063769
274897072   275032047
279287044   279412612
282756911   282894794
287500498   287624962
283475851   283591147
282863331   282980102
281356205   281486959
280457714   280585598
282543829   282670965
281681734   281798430
281947811   282081024
283506538   283651086
280282959   280399298
282089732   282203785
281712142   281829121
282018253   282187879
278446251   278570823
279420153   279546303
278708563   278838424
279450225   279575570
281031124   281187179
278573650   278705529
279957959   280080921
282419306   282573499
282195797   282329647
284126042   284245356
286591964   286718808
281923005   282045689
310117465   310245904
281435872   281578097
283198141   283332466
282676494   282801574
279118820   279244808
281407129   281524507
281278429   281422281
274805878   274938401
272960243   273085947
274017395   274137557
274120129   274239445
281421947   281583824
282085494   282211728
282045442   282174285
278311517   278445441
278199374   278320965
281148378   281294104
279892125   280021339
278972042   279108587
280765621   280934301
279332199   279460900
281068911   281180213
278168179   278298018
284313370   287257261
278449753   278595587
279355927   279471331
285552757   285667198
280224048   280334082
280460690   280578361
279559120   279708089
282104643   282244392
281783761   281908778
281994259   282114270
282962075   283128593
285964886   286119981
283219802   283367957
281475192   281598457
282655622   282802109
280751320   280908138
280544327   280701533
280780945   280929422
279510255   279633328
279926500   280057964
281590083   281716278
281204886   281334981
280308952   280446682
283072382   283208601
280377586   280530288
281760351   281897756
281364434   281488878
282873393   283020500
283251886   283396068
282607858   282770155
282825408   282952429
279045572   279170143
282710054   282820007
286125561   286262344
285585626   285707781
278304701   278422978
277888102   278009064
278304751   278434625
281755772   281870333
281313155   281475810
283303860   283433969
283560579   283700345
284223532   284356270
285300400   285428008
284883129   285005951
286998048   287144132
284913133   285037624
284355844   284485191
286818390   286950100
283521444   283645352
284766980   284906472
284110937   284229739
283585142   283723999
283509042   283656648
284074923   284230495
284534412   284682997
283524807   283713290
283566825   283697462
284099774   284252772
283178667   283316745
285423989   285543920
285217496   285337774
286625546   286757131
285347811   285472393
283474360   283605438
283266035   283426192
283704462   283862291
282670147   282795393
282335178   282464785
278242010   278368401
280233752   280356965
281899383   282023408
284725134   284850667
282754899   282891438
282604588   282726899
285394168   285543596
284113164   284231702
282023782   282167335
280164155   280289571
284474367   284602601
282734474   282872007
282008326   282133314
280289846   280411286
281646300   281772136
282878888   282991787
280670929   280797688
279508772   279668261
281386413   281518151
281065065   281178699
282565775   282692918
281301089   281427430
282086720   282205820
280491440   280616699
282357529   282479837
281507650   281631575
283498034   283613144
282989380   283112474
284586809   284717241
282170066   282309980
280698852   280826638
280924256   281050049
289226539   289355956
284631317   284760130
284941992   285067906
283806176   283932424
284252715   284387924
286385286   286518561
285372443   285508146
287133748   287252181
285658290   285780556
284887700   285016775
285622536   285745288
286746546   286888385
285004244   285138561
281197144   281320964
283579998   283716384
287199315   287321805
287334942   287464078
287231427   287367007
286491708   286634174
287666310   287785876
287562211   287701378
287637421   287789202
287010423   287130482
285784159   285900763
286897294   287033690
287678803   287817098
283374841   283501778
281579955   281701536
287979183   288119515
282903358   283033404
280483583   280615829
280347390   280476273
279139698   279268385
282363545   282481610
281632946   281759516
283279973   283414659
279966486   280136963
278898161   279023812
281250543   281385404
282109227   282247252
282002385   282136300
282867645   283009264
282390464   282510165
281743647   281865390
284134501   284285060
282825600   282961296
287097970   287244926
281230255   281358504
280987081   281136409
278407563   278555697
298262909   298405552
281332400   281460631
282598625   282726537
279809741   279945777
285423900   285560217
282223692   282367941
280615902   280746799
279219984   279340400
285521804   285655605
281583740   281717239
280931651   281059339
281397149   281517641
279996770   280119833
283014613   283137993
283685388   283817783
280906871   281053094
283269719   283413925
280627456   280795737
282638802   282777991
278540456   278665262
276907638   277035487
280377289   280489156
280781272   280908121
281605479   281740761
279673307   279797167
281858216   281987551
280075644   280210848
281496933   281618068
284241111   284382619
284216111   284334375
283688452   283823300
282625416   282744701
283535448   283661762
279691906   279823436
281343172   281466316
281400713   281554120
280943809   281082169
279397898   279531741
279398931   279521917
283676321   283805289
280608377   280738760
281641225   281770406
282201531   282326323
280111300   280239205
280202927   280321296
282992799   283113556
280773698   280906858
280271193   280401364
283186346   283307967
282183733   282316673
283047455   283169823
281332275   281467596
279883061   280010806
279565615   279687489
279098237   279226706
282967745   283091248
281263966   281383843
276915502   277043340
275104290   275222935
276560378   276683279
275885834   276019895
280243133   280392024
285098366   285224670
282126241   282255047
284958951   285092109
283751167   283886150
279869424   280003433
282433423   282571507
283707756   283826263
281616452   281743251
282660150   282789789
281733106   281852250
281999630   282126171
280574988   280690181
284010506   284149482
283577689   283701332
279240071   279371816
282834004   282953085
280239332   280355286
282866376   283014950
281950627   282073924
284467230   284594796
283341547   283474251
283153825   283280121
279666274   279800166
280340028   280493739
281594924   281716898
279395096   279541506
277702257   277830204
278964616   279100905
279993820   280109950
281976146   282093082
279722056   279868763
281277000   281416967
280919047   281056803
281830268   281945264
284083835   284204921
284702259   284826058
286374170   286516878
284452038   284581841
282873312   283000616
279953637   280073533
280489670   280613223
281534618   281660092
282931002   283043694
284040894   284157529
280912747   281029432
284661274   284781710
283903115   284036185
284200049   284350965
287309765   287454277
284766118   284893851
283039395   283162836
283196017   283321970
285144014   285275192
287667428   287808286
284337516   284476325
285809917   285945027
278568341   278717398
275429158   275559521
275480429   275608408
277546190   277681661
278421482   278539593
281391828   281536519
279000231   279142042
279460527   279574745
283931145   284065136
284193976   284315127
278544311   278673852
278160980   278285301
281000025   281134279
282004875   282120098
283716812   283838535
282090005   282233880
281059942   281200671
281635077   281762403
280510679   280644416
282427265   282578728
282697976   282826648
277805048   277925710
278760605   278897031
280558436   280691340
279533594   279657151
280264541   280383635
281177771   281310036
279875266   279994362
280783250   280922176
283071336   283209348
285713268   285844729
279855347   279977594
282110131   282240872
283994999   284121506
280579345   280702089
301497528   301630525
384554516   384699095
288841246   288973424
280937183   281075234
277613778   277731376
278635172   278764305
278548731   278677222
281599089   281716149
279313325   279437692
278880990   279009190
280749448   280875217
281257732   281393700
283301215   283432398
283624915   283755282
284323378   284459843
285138686   285293866
283383820   283509394
282870853   283010934
282503758   282620124
281273411   281405675
284611492   284732056
