309511711   309762894
312457756   312709108
298243935   298482960
291374500   291601409
292909451   293149284
291243419   291469934
292782106   293011992
294910993   295138129
289941508   290208891
289940937   290185253
286940688   287195500
290508483   290780247
291684281   291932951
286700019   286931978
291191423   291446592
295842689   296086369
292045277   292337678
294419915   294638892
289298359   289513781
289202748   289408136
291741155   291934217
303448122   303644973
295493445   295686881
293382931   293605309
288067779   288279548
288849208   289042901
286603805   286813671
287852054   288048733
296397169   296588874
291797833   292004424
285774751   285983405
288837988   289041114
283281402   283483294
293901094   294123786
287430312   287626275
287922106   288122904
287750904   287952251
290245449   290436654
285181143   285378090
292255026   292448423
285096173   285323329
287771980   287986053
285283057   285474974
290773957   290980175
289488137   289690556
287657531   287858209
283942800   284137823
290144692   290341079
290104462   290284298
286938182   287144844
287948817   288136628
292699980   292890267
293988077   294176944
286648313   286838093
279742876   279960491
288882528   289081318
286856164   287047543
288399308   288590048
285431394   285641723
285494949   285707973
286447459   286648646
285775353   285977285
285425523   285633238
286775385   286979193
282623462   282818980
289406881   289610561
295604583   295798920
288669613   288858746
288875807   289064854
290383858   290579700
287189170   287411325
290313085   290510252
286487943   296146493
305775291   305968307
291407705   291620823
292118965   292306243
287541223   287751325
286418938   286616491
282832030   283028732
288233100   288426274
288649044   288843423
288276453   288458606
289098985   289297990
287155763   287351129
287920722   288114115
289849172   290055439
289849221   290053607
288423342   288618461
282498738   282682829
282439889   282633820
284244399   284434671
288144244   288370995
283008875   283193445
285312287   285542351
282653277   282839803
285376771   285579275
284600505   284905957
292535784   292719499
285245813   285435997
299449404   299682166
284744229   284951872
307241540   307429321
288138096   288368276
286215980   286424539
285846161   286047104
290431480   290623484
285418304   285649543
294733584   294927729
282009120   282216557
281306126   281510698
282892349   283111421
285714754   285899201
283519937   283752034
285872011   286085937
283077666   283276481
286730794   286967524
283477048   283660417
287193481   287443182
283306138   283492405
290130188   290321405
285139848   285925965
286720374   286967722
287231744   287439204
286686494   286878551
286001663   286195663
289629603   289862398
289240400   289461615
282539095   282723749
281395007   281579989
286624594   286817742
282823455   283064663
283850434   284029911
284020689   284226045
285067894   285257400
282791123   282965053
283081926   283274675
282474887   282677657
286532903   286744051
284035112   284236260
284985420   285173072
289059867   289260866
316100815   316311321
282153620   282376921
283835972   284523144
281432836   281657144
283580952   283778183
281370349   281560394
282827507   283056370
282504863   282702460
283848384   284045833
283841196   284032626
281666239   281860758
283147487   283357848
283034467   283224040
287459887   287647171
292758743   292965883
285299934   285485739
283487507   283678235
280350911   280555607
279487287   279672575
276928992   277128904
283932657   284152129
281521002   281724727
282336319   282529687
285344812   285544286
283120039   283308952
283114780   283314910
285681560   285883773
281863485   282050133
280965302   281171797
281160254   281363318
322515023   322707492
315147941   315377778
280913336   281123587
282943201   283156870
282473693   282659588
281550615   281739537
285037378   285269351
281009691   281200051
286303728   286498106
288951127   289136550
291905732   292094799
288267359   288461425
285393978   285590746
288339599   288550147
318025499   318225514
281316311   281512235
287112466   287307652
292191926   292393277
307116013   307313105
282370729   282561496
286773043   286962196
291709930   291915111
288155597   288350625
282968125   283173359
288249601   288441903
292132781   292325543
290512772   290707858
285294178   285527023
289844316   290091479
285642086   285848391
289525978   289710165
288486969   288674659
291734056   291935018
288728772   288912001
287487253   287682141
284983325   285194494
287066905   287254289
283712061   283908796
288170121   288357863
282233874   282422316
286908987   287098826
283436836   283623452
287522805   287714118
286077134   286264509
284795030   284989132
284262044   284449758
286183710   286414035
285051424   285259122
285835464   286027170
284274306   284476751
283809512   284000470
281270633   281455230
283620532   283810099
282063850   282261606
285190741   285397257
282662669   282887347
286732331   286936723
283534593   283731679
287173957   287369894
284813465   285055176
283507543   283705322
280767392   280985296
290008044   290243337
296153807   296344932
285231226   285423205
284824167   285683679
289039169   289303533
287734305   287927357
286745236   286946221
286905587   287096631
289993242   290184925
286718381   286911707
288155276   288352615
287340198   287531673
287065505   287266425
288805237   288998422
287326575   287512785
284311906   284494618
286468049   286673370
286056529   286235897
296461772   296656757
288529283   288718279
318653567   318919255
287394450   287647248
286479369   287320275
284202799   284386029
286535884   286716655
284425210   284611459
284690827   284891011
280151726   280330524
281745973   281925440
286320880   286503073
285792282   286007024
345159298   345348842
285389132   285582651
283531513   283722677
286846993   287080059
284751215   284923985
285467859   285638867
297245732   297419441
296238401   296436953
314065005   314253903
287540408   287718981
287552484   287739171
286390744   286570889
288346980   288526438
290871014   291067740
285041219   285216651
283645740   283829042
281253636   281446965
284866389   285069224
286696346   286872553
286426238   286631544
283571767   283754200
285817198   286008416
290452248   290649792
284644512   284828486
282602593   282785912
285662201   285841516
283103153   283290974
287650919   287831816
287026351   287212226
286175644   286344815
282182254   282369399
279808140   279993593
282518986   282703012
286092908   286264639
284481006   284679428
286438800   286618727
380271356   380449297
287554874   287740974
286647199   286840973
287921395   288102472
292493295   292714532
305314972   305509482
284993769   285187769
285828563   286031246
289267793   289452807
290641519   290824620
284435050   284651699
285398660   285589023
282124905   282315280
315729718   315906099
282653655   282836109
284950820   285144686
282260417   282432950
288943722   289152993
283750068   283931200
284346382   284528114
281090591   281276203
283293683   283476115
283033809   283225708
283623823   283804970
294335312   294517882
302972089   303155773
281402132   281579811
283432181   283617050
282329795   282516452
285376292   285557795
284408131   284598083
286242532   286420810
290466137   290654026
283721078   283894309
283649562   283836147
283378423   283563133
280584617   280763037
284743871   284928809
290484346   290678573
287636249   287809662
386508797   386698373
286280246   286462765
284155053   284352582
303075385   303273304
286274055   286449213
297678790   297867640
282156742   282342785
286693889   286887098
282885142   283061901
281723435   281889609
282345480   282526177
283196241   283372450
279971778   280146645
284891946   285069959
282531527   282710134
284824475   285007262
284700103   284883150
285409991   285589512
283298700   283480478
285527180   285739616
281221272   281405720
282090448   282272030
279828741   280014520
279767571   279950391
284983749   285170422
284548706   284725068
286244217   286425059
288677723   288857888
284433742   284607011
299806952   299981794
285685421   285853561
287276173   287501492
286569864   286764613
292504346   292683659
283370957   283546049
280822526   280998309
279915447   280090559
281830456   282013231
281305447   281502546
287385648   287568288
303425526   303668023
290617920   290831569
294846399   295106630
281287941   281488816
280616518   280785341
284066322   284236445
280343993   280499014
282660371   282840652
281588441   281749483
285830385   285988137
282016855   282171105
282023096   282192781
279367884   279533161
285297940   285459936
282098614   282256578
289185618   289355060
294969902   295143389
282841006   283002117
279894531   280057722
283992375   284166497
280358338   280523189
281732035   281892829
280290098   280450277
282811098   282974066
283416393   283615498
284035444   284199690
280995337   281167080
284015490   284193640
282568387   282770194
283926128   284095021
296485001   296680602
293504381   293664935
292203802   292368672
288861638   289056126
289944491   290104129
289296129   289457348
285819866   285989613
290476400   290656117
287403109   287581561
289495630   289656574
287332060   287502839
287999805   288160716
282879750   283043893
288132006   288308251
285204846   285364586
286049028   286238616
285750079   285923239
289458427   289649156
289458999   289621187
288029756   288198170
284321557   284476505
286968444   287134418
286552561   286726692
320273171   320435413
284506166   284666395
286378142   286542939
285421171   285632340
286330686   286497977
284323259   284510086
286845268   287018403
283200669   283376054
286759076   286923024
286046875   286210722
287071330   287258912
285126721   285283375
289459140   289609959
285307057   285473053
283944854   284107937
283177828   283383009
286433588   286582665
284386414   284580125
287128494   287291462
286912736   287079950
319547219   319729290
311582731   311755238
286095058   286262054
281580171   281758768
285262538   285427319
282053963   282236703
284184471   284354256
287013140   287181664
283427101   283578488
280739335   280907031
281537241   281716282
285292827   285483729
286447533   286634970
283428073   283586723
285023990   285206108
371584039   371810567
284328957   284527881
284158052   284316629
287558668   287728931
282441982   282624081
282852661   283026737
282136362   282304164
285672450   285826857
281642883   281802878
285699069   285865388
285237852   285399921
288673901   288838593
285346173   285491987
284975398   285122413
290769217   290929788
285544256   285700483
280643494   280812959
284408111   284581282
288068641   288226398
285055730   285211513
290303121   290460743
281993693   282147390
283490962   283677324
285963376   286117563
281824123   281981391
285253552   285409825
283586209   283742452
288147037   288348343
285443476   285608336
283989722   284147474
280390842   280551008
283873028   284016792
283274535   283429633
285447055   285607385
284995466   285146300
286993018   287154723
282937332   283092939
292064303   292226481
286973590   287132421
286102223   286263375
291354164   291528750
302297960   302463826
283746530   283948976
285966278   286150882
285571886   285726032
287442589   287609727
284918429   285074896
285876609   286032307
282980077   283141942
284639113   284801043
282738979   282916396
285688879   285849706
283946358   284106270
283786139   283951010
281925057   282102331
284770310   284932573
323579146   323756643
282976229   283130440
283219600   283375564
284287205   284453314
285156577   285325017
287929903   288096992
285095117   285251185
282594399   282762465
283368331   283525333
285942583   286098976
299307568   299464235
282932342   283091086
280188523   280346245
283716359   283883905
285269727   285434135
290046099   290216449
286231713   286391542
285832738   285998301
281960240   282120713
285100926   285261737
281720680   281878589
286249016   286401806
283754057   283913450
286689105   286855386
287831348   287986681
285182137   285332501
283136076   283317690
283485315   283653024
282704106   282869628
283176023   283343313
281768581   281929907
283808388   283968858
284119621   284265404
284133725   284297769
283324797   283497725
292285029   292448906
282392010   282538680
284231950   284384896
284253592   284408015
281500977   281663092
280162534   280313090
282571074   282760500
279362492   279517026
283659973   283833571
282520507   282687006
283238357   283400032
282639682   282801829
282624190   282781711
282160630   282318308
281842990   281992750
280749936   280904355
281041952   281196175
280388442   280538560
282381770   282533410
281295079   281455084
284550033   284712431
285903542   286061822
302730859   302891945
281938539   282103165
283610725   283765060
282434908   282588730
288321828   288485043
289133755   289301757
289636698   289840934
283295813   283478891
284318862   284472174
307317820   307476489
285501119   285657427
282762684   282908554
285255050   285407028
284951394   285124948
299502256   299705183
314439165   314605729
293255464   293422153
286063166   286218521
282235568   282385976
280651059   280801279
283482489   283638430
280688132   280836974
286516203   286692913
282837081   283011885
283902349   284065520
284821341   284973529
282293750   282451343
281218575   281376808
293234952   293391913
285847684   285999949
285178748   285327726
286839393   286996414
287303938   287448725
283100154   283250923
286351048   286514878
281509762   281665213
282753244   282920060
284014177   284168989
284501806   284647836
282885396   283041341
284001160   284160038
283165492   283328419
285191864   285344278
281797192   281965419
285154472   285310896
281908173   282063802
282127800   282294831
280490149   280641627
283758494   283911787
282280145   282434463
283587229   283750177
284441817   284599235
284908972   285059202
286319918   286485223
286130685   286294679
304965836   305144993
286799548   286987557
285364539   285519980
287123400   287284275
285607309   285773573
290917312   291094747
284097809   284252609
284403448   284578347
287998068   288166781
286583861   286743700
285345666   285499342
288709160   288874979
288059785   288214337
286707693   286856941
283271031   283461385
286194110   286347378
283738804   283888206
285625859   285780764
282748349   282906844
318588727   318741884
281900697   282067016
286232249   286380538
285617208   285769064
287642836   287800693
290523698   290673865
291641657   291789567
285597346   285748418
289377994   289555890
287321068   287472943
285714811   285871988
287112277   287275841
294394440   294583175
291146007   291311306
294230749   294396170
290265959   290415719
287449178   287608594
282098672   282258830
285870411   286034549
281299674   281484477
285600375   285754250
284302683   284455250
286567598   286719977
282835833   282997714
284589743   284744375
284418340   284568742
286025294   286184842
284892434   285060319
286216156   286368418
283154713   283320857
287595811   287746804
285318868   285479791
286974794   287151102
285890359   286053243
285036788   285192459
286223279   286375558
286677094   286845935
283922861   284080122
286665606   286819673
283466000   283659574
285630805   285786985
278994607   279148217
281385994   281547006
285062216   285225421
287896273   288066608
283136303   283297336
280665376   280818530
280654636   280806317
281683640   281844729
280835899   280986117
282548272   282698398
280608472   280763853
285651473   285809074
286533925   286699437
285189514   285336596
282796652   282972031
297172904   297344030
283255416   283417905
282507609   282662136
283925129   284106035
288136484   288289847
284897864   285048367
285281832   285449584
283559883   283713220
284821148   284982699
281560523   281704259
284546406   284719940
283948359   284122380
282349613   282496082
282327896   282472778
285414605   285573112
284357662   284522899
283439702   283585071
281655266   281831216
283390997   283540399
281084826   281241764
287042243   287204264
279919684   280071617
282934793   283106664
282936773   283087976
283808129   283962028
281313409   281461912
283362563   283515953
280795068   280944732
282828765   282984646
282453624   282611437
285427393   285585527
280053745   280209522
281521876   281670577
279916040   280070257
285255604   285415915
284166527   284322054
288319200   288491492
299684267   299828197
285352647   285505683
282048217   282232344
286911909   287072856
278553070   278695270
281897245   282042029
280743061   280909308
281755013   281905706
282884505   283038705
283742981   283912580
279810115   279963448
284221994   284371077
288450250   288619114
284781353   284931226
282547532   282698443
286613266   286760287
321334303   321555919
287157323   287322605
280597348   280747337
280668894   280821165
279820190   279970643
281076472   281246622
282576878   282740602
286015308   286181313
289509536   289680128
283858640   284008529
278876108   279019135
285165311   285325761
281665743   281808806
283824160   283980182
353144414   353336218
284571595   284758581
280586592   280740917
280267132   280416917
282714064   282863112
283783456   283937652
282276158   282439356
284626747   284817232
282658069   282812974
284476010   284630956
282491915   282645632
285726159   285879964
281825987   281998298
281581812   281741833
280641161   280800578
282939808   283086627
279605096   279755089
285186677   285349781
284011953   284161028
283006422   283162470
290936531   291095348
297186117   297345071
285091869   285242673
284710232   284863487
281774033   281932085
285505480   285655361
281964807   282118530
279069837   279223191
277046060   277201886
278764427   278924888
277334787   277486432
280950642   281100163
283325018   283479116
288800367   288948756
284960897   285107429
284985819   285161997
283027304   283178435
286670148   286827756
285451927   285616818
287955167   288110001
283798440   283952124
285310067   285461806
285505619   285658010
285805402   285984696
283685203   283841279
282947505   283097642
282221482   282404398
283563221   283722945
284302690   284476552
285399779   285554314
283496867   283662665
282551479   282734025
282726661   282899435
281772134   281932265
292095866   292249626
283240274   283396230
280088681   280237500
286036471   286193712
283399722   283560511
286915784   287065877
282304534   282465257
284118579   284282914
281271352   281422778
282894269   283065081
285225742   285372712
285077125   285218520
287379002   287590816
283207889   283359885
285313237   285466077
284479637   284629661
280653096   280807345
284420010   284564395
282222748   282394782
284888864   285046174
285055644   285207585
285421654   285575330
282876774   283023271
282472313   282625365
280759607   280919735
281430817   281585328
279779044   279931612
285604339   285759184
282382647   282538617
283383934   283529347
283728501   283887715
282933524   283075744
281564448   281715821
285616674   285775658
281658390   281817959
283389423   283548676
303915024   304093245
284051956   284221540
281736228   281893600
284824944   284975639
291071170   291237122
282418433   282583398
282969608   283131824
289759359   289906024
283645520   283795821
285587104   285748288
286519165   286682647
284585425   284742574
284494528   284654264
287271913   287450063
283711567   283862443
284529576   284679112
285985416   286155607
287518895   287702863
282765902   284708083
285429074   285615200
283805525   283984725
293011440   293169142
286289813   286454181
287987363   288142988
332879996   333038498
287813634   287971876
329607290   329782193
284881036   285036473
280220868   280388816
285063434   285233003
282143167   282297005
282585810   282739481
287611978   287779524
286266340   286434804
285146007   285305162
286236918   286391988
286158542   286327977
284094969   284243857
282642527   282796605
286797577   286992873
281819307   281982546
284536021   284697117
282888132   283057709
287391349   287566198
282574488   282723016
284137761   284294248
281041153   281183844
282324111   282476014
282409825   282555638
284491140   284653737
282108944   282263963
560047988   560215610
282804635   282956506
284157124   284315868
283797943   283952208
285946060   286109095
284355989   284507298
284563596   284709798
283744756   283897855
285178857   285346522
283500111   283674243
286080318   286232642
282652699   282804574
283541318   283691606
281038541   281197404
282518073   282667189
279727395   279876706
282252197   282404965
285655802   285812310
285896930   286052899
281942438   282116574
286397391   286544029
282905538   283081708
284741818   284892377
283829393   283986778
284333137   284491398
284437689   284591950
287130648   287288185
282650658   282801060
284699592   284894995
280499227   280646964
280425068   280572065
280712512   280867753
285267714   285436280
281653573   281801306
296861076   297022717
282447001   282608406
283433650   283587457
283966014   284124829
282912879   283078243
282661200   282797400
281800788   281944010
283382430   283539847
287106680   287253375
289309451   289464878
290591820   290753151
289533083   289706066
288938877   289108535
285295548   285473257
284439917   284606102
279168164   279333832
282272320   282431059
281996244   282162382
284509479   284667168
283768073   283922052
289010191   289168385
284364747   284527164
283680128   283819521
281812275   281987646
285119952   285281669
281812672   281966147
282643707   282794957
281418548   281577152
284521131   284679603
279995725   280166557
285040612   285187371
281211684   281362069
281263088   281409077
279973633   280111697
284685398   284838903
282275402   282429549
284734993   284904005
283164861   283311708
284831700   284987290
282748720   282906223
284115228   284270905
283875747   284034761
283902901   284050537
283205036   283355146
282469829   282623491
279784918   279945020
287832525   287992456
289007565   289162037
285644446   285796894
283071654   283233221
288934257   289090904
286185023   286344865
288005273   288171471
285301957   285454248
287864907   288019427
360230708   360397320
291982936   292146444
290056986   290221301
289727234   289904318
288844902   289001311
289618151   289779084
280379983   280543270
294620619   294777018
281060428   281217559
283320940   283474894
283453748   283610368
285768640   285945312
294291084   294457536
286388981   286542138
287778726   287938173
289725736   289889544
289294283   289455792
289855977   290009598
287068879   287225937
291846544   292005388
288806166   288959433
291248424   291406609
287410765   287565574
289400503   289561250
286112594   286269798
286919440   287083644
286669056   286826642
288784841   288949923
290321789   290477827
290909254   291067800
287663634   287831446
287129389   287288074
284524951   284685977
284516053   284662868
283112246   283264766
286655707   286860036
286772829   286930282
287421317   287575866
284853094   285021402
286110576   286275895
289171818   289337824
285954051   286116209
283660343   283810031
288887333   289052173
285536978   285690271
284176070   284337386
285436968   285601533
287644916   287787953
285172128   285326545
306030391   306189977
282997972   283179198
286125192   286280218
284630942   284789674
286627800   286791461
282400488   282553581
285903899   286068323
284639958   284800118
286453046   286647190
284941167   285097581
285811326   285987792
285562418   285722459
286488137   286643652
285386713   285540385
290233040   290379837
313903633   314062685
287264464   287429702
284717365   284900537
298241415   298400735
288402822   288553893
288540520   288704103
284526003   284682546
288691665   288845571
287925495   288082186
286329451   286506236
284329757   284493932
285056280   285228775
285414984   285593741
284173024   284326505
284005224   284157354
285675902   285823711
282292775   282455841
285725255   285882531
281996190   282159921
290075875   290248602
290479579   290664790
289165040   289360339
284683340   284838128
282720847   282875518
283979984   284124061
345310963   345462719
280940842   281109052
280688037   280847791
278495671   278648706
282643621   282815080
282989909   283154137
284331319   284473829
282060198   282216855
282654306   282827936
282015011   282213201
283242346   283392285
283076030   283255782
281389730   281544849
282200106   282350390
282623352   282768446
281308945   281461320
285470034   285635362
282003400   282179933
284326892   284477250
280640412   280781815
280360185   280520797
280035025   280181185
282705575   282846546
280815126   280955731
284528690   284704844
281230283   281380163
281748251   281895298
280791669   280942004
285354359   285501689
280788122   280952013
280263193   280419967
281082718   281221558
281573077   281729051
281268943   281425598
282832799   282996461
280146563   280294409
280147562   280296278
277159255   277316119
279282820   279454394
282775617   282921072
284824849   284974701
283657435   283806312
280498507   280646427
284085529   284235733
285943582   286091723
280084529   280240527
281122775   281272948
279943335   280102478
291689897   291838080
280251491   280398511
286243521   286396621
282988061   283164124
281666141   281818990
283836421   283991214
282353506   282495649
280208454   280353964
282407197   282560415
280942703   281085750
283803876   283964694
281849016   282009687
283450051   283632189
279308556   279458804
282653904   282804638
280884754   281034494
282393523   282548897
281850028   282021263
282055928   282200297
282424402   282568166
281187308   281363769
278148852   278296290
279441350   279589257
281555420   281717479
284280817   284447229
281463948   281615539
285224890   285375720
284467258   284618987
282107357   282258924
281843959   281991300
284304515   284452266
282159494   282300302
283282014   283437779
283340257   283487932
286790228   286955573
279371462   279510496
284274191   284425600
281286193   281432021
282021086   282206322
281237462   281380011
285543378   285710876
282601567   282740829
283463953   283613382
284046421   284213443
286744874   286902938
282020122   282174677
284805098   284960169
284611103   284789762
282441055   282592032
280092375   280250395
281127124   281287491
292362696   292654823
285801763   285983203
284417027   284570351
282449887   282599232
279346359   279499999
286089566   286247960
284995004   285150775
281141497   281301981
283081237   283234208
285176251   285326921
280526871   280678112
293734650   293892166
282726151   282872499
281238764   281400719
281671988   281819978
285671289   285821071
283959636   284116252
283663304   283805909
284172831   284349520
290680811   290839656
285288267   285432170
283812940   283995841
284161369   284312304
283623256   283762850
284982645   285157184
286247894   286454372
286890774   287067454
287113975   287269617
283141608   283284083
285985211   286135336
286418761   286572721
285836854   285981410
284979289   285144378
286514472   286660898
285420379   285574310
285518431   285682627
282331841   282488426
285909004   286063070
283140954   283303110
280525029   280672619
280732222   280878183
282236427   282388487
282617104   282771080
287425689   287583491
285370982   285515759
284228856   284376065
286103409   286257252
289935659   290085989
285156285   285312408
285055684   285234167
288252993   288412811
286239101   286384871
281941322   282103458
286675220   286823746
283698431   283846822
283558044   283712985
283865955   284016754
286402547   286553645
284542129   284696720
290974566   291133138
287194360   287349773
283925208   284104482
285562807   285710944
284499878   284654765
284723030   284882205
283346912   283498534
282089126   282256771
283716854   283865683
282048671   282201645
282661407   282809648
283969037   284116185
283440554   283587804
283966680   284115267
283452740   283605553
280948688   281097576
284122646   284272297
281673892   281854736
287302376   287458271
281922399   282072111
287039495   287194046
290509023   290688208
285518417   285679867
281095844   281253228
284189682   284361512
280910975   281092933
283440591   283594100
284109067   284259267
282801186   282957315
281961500   282110568
284730568   284911827
282340440   282518764
282906970   283084244
284399036   284547952
285767515   285934527
283918925   284069982
289722789   289883608
281394011   281533994
289106504   289260678
281628414   281798225
287084153   287229048
285668615   285823112
288078109   288222726
283430956   283582329
282887664   283041892
282934512   283104109
282168694   282332531
280287692   280432919
278962339   279116190
279304694   279453798
281861226   282023148
282871925   283043324
287802198   287962470
281486720   281637783
282693331   282846749
280771280   280930449
284017944   284205230
281216105   281361496
289159487   289317676
283803555   283951251
281425705   281580776
283316213   283469826
284257692   284408550
301096400   301259602
283160413   283327899
280170155   280326228
