288982058   289213529
280673880   280859885
283512879   283689690
292846951   293062981
282785514   282978556
283236545   283443077
279743553   279930883
285640679   285824498
285663047   285877366
286375902   286569364
284254795   284446330
279236969   279413863
280764028   280948734
283022052   283227911
287236001   287436439
283737787   284209763
281993733   282179937
282166563   282349019
284046546   284236985
280066425   280245391
280933936   281124909
279659467   279837934
282967493   283154776
282176111   282379625
281168498   281361974
281136484   281327662
287568583   287762132
282639637   282845405
280530329   280716245
283105278   283296284
282281602   282464644
280812645   281023997
281927028   282112711
281123706   281301120
282495795   282696175
281834959   282285118
276524922   276660880
274268974   274431141
286302119   286439148
284048007   284190341
286915846   287053569
288044081   288204598
287103292   287235713
282913114   283053778
281223415   281367967
277405475   277552900
281462936   281622234
283114849   283268628
284486432   284651847
281461680   281607463
284752715   284897784
278898351   279043919
279386108   279549921
280663285   280816612
281225534   281376801
283208629   283379089
281944184   282081510
282257637   282404842
280674353   280810397
282514800   282693217
284067020   284214750
296030293   296178232
286437148   286572694
284564101   284710679
281984629   282130543
284519559   284656008
283477517   283620613
288146312   288308167
282968520   283109539
281615659   281755735
280450412   280592047
283502969   283647743
287741065   287893108
283002062   283143626
282012739   282162291
275480982   275621619
282983045   283145172
284105764   284255250
279564166   279711971
282309859   282453266
281336512   281508319
294170041   294321759
286351250   286517747
281256548   281416050
286688255   286827887
281972690   282115393
283245989   283396139
283015619   283159773
280758864   280900548
276400080   276540374
282395086   282539932
280783661   280924125
280396682   280564248
278781256   278948154
282708433   282846913
282888185   283045822
279217003   279358765
285080579   285245561
279350701   279500776
290007572   290157298
281341820   281511036
281580767   281748052
282926682   283089810
282431067   282593434
284307635   284461615
281060788   281209131
279807854   279954577
288529615   288679345
283407045   283574395
282831033   282979600
280338851   280485223
283641325   283786067
278978617   279110564
280818960   280953697
281914397   282064549
280822427   280975860
282226418   282383097
286845808   286991649
291129797   291297481
294571321   294729681
283277782   283446983
283038823   283178620
281797147   281960188
283208747   283377313
279479425   279615359
282966764   283123174
284044557   284186155
281193173   281343927
277002613   277147014
282031837   282173708
282193274   282333698
279607600   279752200
281739722   281877693
281973609   282123487
280772487   280912657
283403075   283548530
279900185   280202971
282771408   282915131
282976747   283121822
283324918   283481213
283713871   283860802
288069078   292669570
282951467   283130967
293772342   293935284
283065567   283223931
286304422   286449951
285887846   286043889
286556802   286706930
290574757   290717152
283723843   283879002
286235416   286386311
282134904   282284680
284693174   284838513
286066690   286234102
283852121   284042830
282708023   282859729
279285926   279433405
276096121   276239933
279892014   280033598
283704048   283838075
283998448   284155127
285027218   285174530
281962721   282132049
282567782   282719135
284368074   284542429
282573934   282716433
279550720   279696524
286750989   286886002
281665287   281804477
282571542   282716194
282316754   282458354
321038059   321196748
286518464   286662535
283691806   283843950
281678022   281815882
278642453   278791552
279793111   279930066
281129278   281274282
282482090   282623898
274097485   274230073
280428744   280574208
281440336   281596243
289418884   289602722
287001596   287146088
284492219   284655510
323466846   323613604
286260070   286423165
286830561   287012168
287793799   287944258
285484515   285630377
279696625   279883911
282270668   282414955
280634520   280789765
282372012   282505729
279896051   280041405
278739416   278891586
276869345   277019074
280762316   280937814
278958106   279096350
283037538   283197189
282040372   282180080
281676711   281826475
280384042   280534474
281962352   282130511
281256535   281395650
284826929   284984344
284127897   284267668
275919436   276059388
283918970   284060050
286451785   286584343
287192515   287345796
290223471   290364539
284421363   284557636
286408660   286550322
285671807   285825429
284597273   284743980
284738988   284886330
284769746   284938254
284006375   284154445
282753312   282901645
283180273   283347408
278742216   278886666
283656086   283820030
287305685   287441157
287254903   287410909
281578670   281730509
284989324   285134817
285434608   285594020
283840409   284010194
287056052   287223788
285381038   285521188
287255817   287403480
285967693   286114451
282466847   282607421
273485622   273626513
274489477   274646229
284675298   284822268
289051202   289200442
286299156   286451413
289446701   289596547
289916423   290056564
280805196   280943470
289938215   290089816
283913748   284059181
293517151   293655419
286877941   287018954
283151531   283301639
278373696   278524225
283088166   283232028
283033559   283188387
284746170   284900651
287582685   287751389
281383203   281555255
282050845   282216881
301313373   301480991
278962398   279764824
281642619   281783434
282091033   282248284
277272750   277417775
277954472   278092925
282022286   282177420
283188226   283343785
281048677   281197871
286816627   286963887
289576487   289727631
288219373   288364661
286262279   286409944
280424478   280567712
277987183   278121203
283396549   283532076
279898073   280043404
282540971   282696685
276671764   276814381
280807912   280954855
281125857   281269088
279575699   279719608
280880633   281019906
282579386   282751922
280837788   280984034
283096446   283230564
280852525   281001739
281113423   281251655
282596885   282741065
278006925   278151243
277843632   277989702
281398258   281534537
279886942   280078469
284238825   284387154
285216080   285357927
285770708   285921861
280920920   281073906
281717309   281854245
282277335   282415223
279176862   279325774
282655012   282791153
284698904   284846174
283351265   283512482
282320133   282471186
281916344   282058849
280300379   280433163
281872590   282014734
273775625   273944899
284978980   285128391
280489613   280631982
283155084   283300243
285885487   286050177
282080110   282233588
301922869   302089549
281077761   281252581
281964847   282109450
282510755   282654783
277549487   277693582
279135381   279276888
284559077   284703380
279853887   280016805
282545312   282700733
279998324   280142189
285092184   285236086
283302312   283448274
284508449   284648755
285213957   285360279
283772334   283916767
284487282   284655590
281245943   281388784
278930279   279068771
276659231   276816037
279103639   279260995
284802949   284953897
282757958   282909487
281637349   281772409
285265509   285409380
284348600   284491406
281463556   281605318
283976183   284116310
282636349   282775483
282173179   282316169
283535237   283679046
283324348   283483927
280279457   280431763
279289080   279427644
285403546   285544237
280359540   280499128
282462829   282637354
284969858   285122605
282089645   282228243
281122929   281266293
280528147   280675713
281406414   281567385
286186847   286337057
286253194   286389284
281700181   281848891
283484638   283641690
287804955   287958046
280631039   280769471
284860791   285011926
282659514   282802966
285081311   285220215
285514170   285661972
283330468   283491637
284056323   284203574
281582751   281727131
282811379   282997277
284048168   284201180
286194601   286373139
281187083   281327925
280052316   280203857
281528972   281673462
285629712   285782516
280305218   280462603
274740812   274881948
286038071   286180914
282054014   282192670
285758516   285914984
299288955   299441088
284498534   284651095
283182995   283328124
283682028   283824036
283515596   283664417
279687909   279831231
284145675   284271742
281645444   281794943
291684986   291854792
285536642   285696282
286855143   287075993
282332641   282469318
282805447   282947842
283599968   283739628
282548191   282701025
284807676   284946599
283561632   283715981
284204864   284337701
283312970   283450285
279541894   279689298
283898929   284040584
280661280   280822067
281533447   281686082
282286980   282449779
281850528   281979913
281063164   281210071
279764648   279894338
281864383   282004307
280844354   281007392
282559802   282719168
283749712   283891495
282622003   282758585
278957204   279100035
277461772   277605906
282514984   282653376
280708698   280842158
281363545   281495525
281179308   281314192
280398143   280535496
278934183   279071142
300577024   300731623
280712675   280853964
280244974   280388166
282799633   282940699
284276456   284416699
281879566   282020180
277814973   277969063
279528678   279670581
280196423   280340012
285577468   285740332
282757059   282894173
279342376   279480367
281269639   281420057
280956121   281094307
284052323   284194179
287572937   287713939
286216327   286349288
282278799   282443100
281948453   282110969
283971445   284110792
283370017   283509253
283220652   283362585
282217855   282360227
285393312   285534952
284335915   284476775
281774221   281918372
281520366   281652597
277555409   277694244
284683564   284836173
282218049   282378606
284685832   284825402
281156297   281308290
283020329   283163900
282683364   282814226
286784413   286925230
286006132   286149241
283857667   284011886
284635464   284787605
282836505   282978937
284122369   284285858
283565324   283711320
283058955   283207542
279981002   280133907
278858282   278993777
283959076   284095662
285679358   285830007
281314221   281478916
284618433   284781296
285519188   285653584
282785951   282922680
279276179   279423778
283434119   283574100
282423008   282567936
282120840   282257857
287152973   287298586
284768919   284913056
286357628   286511697
280819616   280957942
281736440   281884697
282158097   282303589
324065998   324208377
280735582   280880059
280683578   280810621
281673081   281819681
281524376   281662419
287013041   287166876
282291104   282419692
282694075   282829878
275825878   275968351
281753194   281891491
281435467   281611161
281575923   281738358
275815969   275962389
279188704   279325721
279519751   279650463
279088449   279244499
279991549   280125469
280515698   280656861
281408745   281551013
282391349   282534325
280910938   281042118
277279929   277410390
279086402   279227641
280810365   280950918
282938278   283078516
286076404   286216903
284550024   284697862
283977609   284131524
289805958   289961522
286336129   286485604
286505205   286647696
287310216   287460313
284339285   284480565
282437888   282593246
285206426   285430563
281734398   281934492
285994500   286133409
283699896   283832879
284182919   284346049
290649760   290786382
285140129   285276815
290373264   290542541
286211538   286347898
285916641   286058515
284165761   284336361
284871399   285004578
283722445   283852481
280715095   280847462
282476104   282610945
283362443   283509215
285777141   285899080
283923746   284049390
283529409   283662170
280384197   280522517
284026810   284157123
284835403   284972387
284707061   284841439
285590002   285752043
283542722   283733991
284137285   284276139
279175818   279307731
283262680   283411450
282938820   283092816
284558526   284700487
282151057   282288022
283652536   283788735
282219869   282353603
285437642   285582023
280694886   280845201
281789889   281936341
279760472   279886934
282648120   282785254
282315603   282453122
282188121   282346773
277823132   277955859
279241886   279376579
280761437   280885894
281527395   281659183
281821595   281972999
279600910   279737890
279412485   279563191
280625666   280777093
277640873   277764142
279837531   279968171
281414097   281588598
279044760   279183600
279422527   279550208
279687481   279832059
280691911   280835585
279975919   280101916
282502351   282637420
280924903   281053761
281453099   281610607
280506119   280646571
284290434   284425855
281544516   281674082
282696164   282825759
281089061   281226103
278558629   278693312
276364765   276507077
279686991   279821183
280834590   280960506
282550845   282688654
282282040   282416775
282754469   282899744
285719462   285869142
285917307   286069165
285674953   285813157
282907361   283044077
283657447   283796871
285302860   285452696
283012997   283144379
286790111   286953827
285929249   286072106
285900549   286036879
280519284   280655037
285537704   285662631
285894146   286026977
288819531   288950739
284677943   284813232
285680100   285827353
284626543   284759653
284941530   285075777
284395135   284530903
280563204   280703854
283444117   283603255
281752860   281876167
284919179   285075413
284508220   284641011
281988769   282126663
284525424   284656218
285076059   285213965
283954908   284104763
282891674   283038230
285577744   285714225
285411552   285543838
283311601   283444116
280557398   280733035
286395355   286532224
290921900   291055927
282347565   282516112
282489072   282686723
282401021   282573842
282724549   282861270
282967486   283099273
282344552   282483988
282803035   282935411
281680781   281832673
279761242   279879152
279298338   279432098
283825130   283959504
279149254   279280605
281040886   281174975
277206844   277334854
276166694   276303432
277522891   277657520
280956412   281092069
282898809   283031187
279680110   279854596
279593625   279722016
279097090   279216860
282181305   282322396
282384357   282549154
282841500   282992052
282490044   282637996
279796853   279920736
282395065   282521372
286559411   286693615
281917984   282045780
281371367   281514870
281397951   281529715
280130406   280279773
280028243   280163289
279716037   279842791
282798973   282933443
279063819   279208224
282558692   282700566
280663532   280804468
281875203   282010198
283000173   283129801
280724526   280853313
277729550   277862374
278111284   278246130
281760418   281884453
283740912   283867771
280688878   280812172
278799381   278931470
278676117   278829115
281956996   282095545
281805282   281956381
280611208   280756678
282004589   282139727
282012911   282153956
281134529   281281130
285333864   285460835
280708434   280838455
283909022   284035996
284197383   284328988
284149574   284284704
283516422   283641603
284548254   284699034
282305094   282437414
282877033   283001026
281871966   282002142
282950697   283082885
281841396   282010876
282925975   283050587
285784020   285914213
284376209   284541605
278477905   278614242
285925255   286071761
286012099   286166454
285673823   285807268
285541804   285679130
284130599   284257012
284172323   284308494
284521379   284657234
285219418   285360672
283236521   283360336
284826966   284972271
282715863   282863991
281931404   282054020
279253658   279386620
279503209   279635399
283062832   283202396
280867575   280991457
281468236   281599649
280583840   280706900
281009210   281146482
279443446   279570973
282057639   282196601
280324441   280482406
279031023   279175175
280018466   280162756
280540198   280664313
288377758   288519050
282826928   282958785
283136093   283268626
281215001   281347420
279375013   279507426
279296822   279437527
280337831   280471975
281518268   281650055
281873454   282031079
277473799   277599807
279113330   279237395
279301380   279455337
279549122   279675040
280539886   280688395
281519242   281649927
282203654   282356145
278558915   278683387
280546888   280688559
281981678   282106255
286308462   286433967
278916516   279051350
283460642   283587757
277741238   277878262
274978612   275099054
279621969   279758738
279804091   279928067
283324231   283458684
280691275   280836869
284406765   284551052
280585357   280750616
287001484   287125907
287942664   288075444
288970303   289105048
288689186   288833513
286007864   286145574
287192658   287319576
288276347   288408862
289486551   289614187
282945433   283090127
277621634   277770386
281247916   281386292
282674233   282796926
278565004   278713838
281707098   281822090
284065212   284185082
285018227   285151855
283314055   283444176
284093866   284228731
283226827   283362596
281030065   281179286
278832601   278972252
285025893   285168742
285526756   285668103
283655971   283784290
289210105   289334338
284926477   285057636
284114927   284283094
284192890   284346426
282411222   282545578
283976406   284108567
283714835   283833581
278986022   279110660
281079289   281212933
280178698   280330561
282197206   282331010
279381554   279525956
281362357   281493380
281482805   281608291
278938776   279063599
280664118   280796791
282704473   282837196
281638963   281760473
284741008   284882807
281457754   281608739
281557355   281677793
279451208   279583023
278258031   278415161
279096434   279241599
278461893   278589398
280788094   280918056
282317588   282470203
279486407   279608082
278390086   278523971
280532878   280676735
277599901   277748235
280779541   280908856
281446600   281576208
280454887   280588411
279835506   279968659
285867248   286022790
279737608   279853029
279585458   279708991
280910449   281042580
281198696   281333682
280981832   281135598
285225504   285362292
281116021   281257732
280759331   280893403
280430203   280565817
290529818   290657507
282197380   282337595
282153918   282272694
281122692   281248203
280796667   280938756
283367017   283489672
277392739   277514581
284663557   284784735
281704480   281837919
283997983   284134575
287506987   287641230
288182117   288335301
289359768   289493254
285410533   285547349
290191311   290318269
287465647   287597912
287572874   287715287
289193053   289330378
285172318   285307763
287994034   288133375
278097066   278230811
279089755   279245468
284034965   284171784
285759004   285891419
284163442   284292629
283768433   283906911
284457676   284607650
285035365   285160283
282224171   282357515
285582496   285705436
283940863   284071261
279846540   279977790
286221856   286356787
283315924   283451051
283857925   283989502
282479956   282623885
284791478   284921809
282422856   282572831
279358013   279493781
284026445   284165853
272984149   273115937
280366807   280486415
275542930   275668639
275967896   276103528
281179267   281330678
283941462   284073262
282441416   282568421
280520550   280643305
279938646   280065406
279836519   279970081
278893279   281623876
283731070   283861560
275955680   276078563
281526574   281673204
280806473   280983759
280006159   280135884
280607188   280732976
284184751   284331119
282163191   282291543
282336614   282460258
281693602   281834912
281760838   281896252
282441531   282564243
281708642   281839931
283681897   283816276
280390072   280536648
282973762   283123748
283907764   284034414
281217448   281359199
280867953   280996801
282752137   282902893
280965154   281095583
281886298   282004263
282738584   282885692
280349423   280477243
280157761   280287579
282812083   282938518
277360340   277497661
276811513   276943144
284161183   284303018
289111219   289257995
285932511   286075216
285147639   285266349
289825594   289964665
286641949   286789463
284794115   284924493
284077474   284199869
286485191   286616808
285747810   285875950
280616358   280736699
286209714   286347015
287478866   287614743
284077509   284211653
282992969   283134697
285377073   285500078
282754543   282885431
284804561   284941183
283613568   283746538
282644930   282763494
281823045   281981686
283836283   283969190
283167870   283302013
281352787   281478487
285474798   285629629
284116245   284248976
285027443   285168382
282683890   282825771
281993477   282129164
283567752   283683775
283754833   283889285
284319476   284447474
286034514   286157636
285110548   285281564
282036693   282168556
281309610   281445380
283179465   283315838
281316132   281458300
283031521   283162934
281799102   281925068
284514375   284658183
279177322   279307128
279997257   280124933
280287305   280407777
278079185   278236230
279888607   280027503
281231367   281370376
279902563   280019838
282482955   282624602
279794134   279928105
280478453   280623587
277914487   278038123
279675440   279826481
280334851   280462255
282200899   282330454
282142468   282275719
280436640   280578412
279882306   280013953
282020958   282171064
282421047   282555240
282653678   282794223
282258528   282400468
278108965   278231387
282096321   282213412
281905801   282060282
280065780   280220439
280036673   280173819
282552171   282687295
281558937   281694153
282178733   282308692
280151372   280276752
278986901   279128864
282951645   283083773
281019999   281142917
290148411   290281350
282049190   282169846
283168071   283300711
283249100   283387422
283014808   283175514
286005832   286136814
283214992   283353436
284690662   284804445
282392545   282527622
281861879   282012163
283399829   283593532
286019839   286149441
288470300   288601369
289493986   289639204
285331527   285464556
288326238   288457317
285644437   285778110
284593744   284732813
281941817   282077876
284940085   285065585
286292186   286425104
285060659   285183034
283773306   283893073
280616264   280742288
282009118   282133198
274514200   274637740
282515152   282646967
286628596   286749619
283898164   284019680
287741558   287886414
283364215   283485027
280948081   281076002
284474969   284604701
283661987   283820990
282667305   282787957
284979473   285106577
279899473   280033786
280647834   280781206
282980018   283115422
281409809   281534989
281701203   281828909
280771318   280912814
280119579   280256270
279193644   279325665
349324173   349470647
283253056   283380834
281991034   282130247
281899849   282021832
282556795   282688325
281479865   281603544
281016572   281146641
281327650   281459532
284140326   284271080
292062771   292206601
280712616   280848015
279550639   279697341
282778937   282904181
281835444   281959469
282749937   282893763
281936864   282078058
282625941   282761347
281284948   281405791
282347741   282477811
280839433   280961088
282246331   282368768
278981794   279104818
278342057   278473927
278441051   278569263
282378182   282512493
281190442   281308240
278190722   278322352
282175740   282313559
283029221   283159460
280197885   280331900
279930228   280095687
279045833   279176916
280267535   280403701
283695723   283819489
280487662   280623102
280444083   280564206
280428741   280560147
283297689   283426988
284422766   284552170
282580292   282712719
282057775   282186627
282766580   282887793
284496239   284638469
286148773   286285099
286466031   286589256
288083983   288217412
287326388   287458451
286490622   286636386
283351786   283482718
279238156   279371293
283692100   283821735
277909305   278027969
283927179   284061855
282349692   282485403
281076261   281207597
286829947   286955071
280983672   281141943
282396228   282527150
282294255   282415932
282281848   282404842
281646227   281777325
278146744   278271025
277037984   277175625
280308832   280439441
281022928   281160180
282633583   282764356
280374835   280500069
286550338   286676363
283287511   283421214
278860851   278986634
281287672   281420107
280995748   281147048
280222100   280350551
278660431   278811221
279674542   279804871
283255841   283377533
279974802   280099350
281154966   281283750
283130054   283253729
281297594   281427463
277345377   277475410
280185918   280307154
281389697   281508668
278939167   279068757
279342002   279474471
281423445   281554634
281455931   281611769
278560712   278688674
280285074   280409734
282214440   282341447
281634811   281767184
284336203   287052576
281362336   281493180
283796125   283937570
285750618   285871553
285868831   285992692
281235433   281368806
281346067   281475878
282257947   282395496
282489713   282622268
284001773   284128737
282669802   282800088
275939246   276067873
281383591   281529174
286580761   286719386
282694496   282822373
282958390   283092264
282219169   282347024
282199828   282352305
281687199   281816534
281731630   281868184
283235066   283366627
282277904   282396307
282715703   282880808
285129553   285285375
286797301   286920742
287474997   287615919
282674666   282811914
280211590   280343547
283845058   283972031
285128041   285251899
290502858   290633875
288942977   289078178
290528288   290677973
288581065   288715260
282857697   282981447
290199817   290338394
285948375   286080221
285579806   285712041
281130618   281264540
281487831   281603452
287055574   287180559
281644316   281786471
283604762   283736648
282712233   282840342
282482699   282609022
285532469   285659336
283477195   283609404
280520760   280652449
280725645   280846331
282719494   282847675
281385566   281518463
281261576   281396073
281847625   281972760
283338916   283491784
282190778   282312826
276137891   276271101
278106833   278257926
281114258   281235015
279583255   279729348
286341240   286477297
287776877   287908140
289516392   289639315
286324400   286458112
282927312   283059035
286095999   286218667
281777202   281914850
282207469   282337165
278858309   278978773
280475584   280607631
279244577   279415262
283930968   284054419
283009361   283134226
278953043   279102536
276607395   276737859
278107590   278265150
279615771   279739786
285862488   285992503
279449008   279583397
281391264   281530579
277647374   277767311
280316302   280458907
279479170   279610962
280849993   280989874
279088319   279231144
274542594   274663880
281896979   282027445
282365910   282500052
279065095   279185944
281021084   281154489
279332840   279454358
277905255   278033443
282636126   282773345
284106795   284240882
276042834   276177732
272818425   272967148
279423954   279570171
280432750   280561234
281812729   281944682
280630401   280759320
282895811   283016666
284723939   284873949
281846151   281975228
284894695   285030232
285741741   285878262
284427741   284571414
287266323   287400465
286062175   286188091
286161808   286296844
288840800   288991721
290087939   290225250
288381040   288499684
288601689   288725145
287514904   287647183
288171313   288315902
284191781   284316419
284141531   284264621
285032649   285170563
287188334   287335532
281218465   281342978
286145518   286281559
285148132   285290965
283229421   283363637
283904879   284045893
284318789   284452943
278847703   278980986
275423942   275564290
283074597   283206716
286341500   286466738
282930484   283061295
283045125   283198707
286167501   286307213
282039192   282188263
282524463   282649687
278382830   278512428
283079845   283204413
281997487   282153057
282944119   283073131
280204254   280335590
280834462   280958009
282379777   282509472
281759225   281904343
282635134   282764050
284960757   285082835
279630712   279801834
278876236   278997584
280244037   280378060
280284635   280422716
278976571   279110599
286960432   287118425
279736631   279866630
278067834   278207074
281228371   281350059
281529681   281650625
281012944   281151089
279298964   279417138
279558294   279691890
282142891   282266168
280692804   280836504
280026078   280169627
278856345   278989173
280907403   281040946
280942767   281076460
277307749   277448651
282907095   283030632
281472847   281604476
281299702   281417238
281056403   281190090
284229117   284370897
278874438   279017563
280241782   280372842
282533477   282669449
281403039   281527504
282516613   282648834
279997096   280128446
278342885   278463775
281927523   282057569
280502154   280638987
283375777   283511891
282882551   283011253
287420326   287570260
280599560   280758084
282115120   282267603
282651393   282810720
283568199   283772673
283385105   283507805
283518630   283646109
283232814   283371655
284099808   284239174
281234839   281366656
289845114   290003262
281342484   281465413
284990887   285130464
282045601   282179189
278539402   278671826
284056186   284183676
284393266   284540100
290329948   290477098
290219347   290357542
288097652   288244795
288805033   288961790
283642353   283773019
284457868   284589518
284727325   284851522
285829963   285970950
280860291   281003460
281696205   281818905
283221541   283347471
281364170   281494230
283012983   283159038
281438440   281563187
283050960   283191335
282803533   282933971
282971904   283102287
281595890   281728974
279213597   279336489
281035172   281161590
281596417   281733334
277933104   278069041
282701959   282823813
281492317   281659425
279303944   279425696
276847818   276983422
280315342   280448510
279511494   279662518
279716816   279883861
280874785   281007443
