598187695   599253845
313663275   314139236
304637950   304901213
308703621   308997511
310577263   310833965
307303747   307575599
307565871   307904611
304162477   304445392
308008577   308283627
306042495   306783000
327215315   331754015
309502563   310083583
304215920   304499987
302900434   303179235
310385930   310661625
302667645   302928178
301800954   302121094
307404993   307684658
302821743   303096639
308209889   309155773
302295517   302512067
322376792   322636083
303205689   303424463
304421446   304656886
305041010   305266605
311973256   312371988
303663613   303880183
307598153   308052198
307973965   308450084
317448129   317895945
298390283   298607392
303948902   304172427
304906054   305129462
331086859   332828237
316034110   316426864
312135581   312365695
320859830   321203967
311582495   311821897
314833858   315054363
312120124   312345585
319469568   319905357
320783588   321174016
317502382   317742081
306844487   307047942
306572153   306806927
302460354   302683944
304024656   304276340
303741374   304020528
304482837   304720987
307950137   308163848
306789942   307006481
313610308   313849025
305954680   306191020
304254671   304484875
303136911   303376631
316009778   316463894
312161423   312415984
304090000   304317732
304545352   304780271
303560758   303815597
310630158   310877796
310471558   310919451
309391631   309604888
311675542   311902893
306601785   306837254
305018785   305245902
303509329   303734972
337917821   339381820
306176425   306399990
304249888   304456635
305509536   305738869
303336894   303576194
304072195   304301447
308314288   308540213
311037057   311283103
303477745   303703565
335832109   336249641
312364264   312576384
303169493   303392559
334350950   336990505
309561015   309791859
306547862   306788536
305004597   305225033
306818376   307026090
304650654   304868588
316313796   316745350
304888520   305175655
307665117   307889175
309419156   309843874
302902795   303127766
309451009   309713604
311174011   311647678
309688738   309917295
302462987   302691556
301761680   301984980
312962954   313379277
302766557   302992754
303701989   303923807
304313226   304536598
301825959   302209083
297057034   297277389
296216777   296439300
314897825   315126074
310089615   310532827
315117941   315595002
303027469   303251041
302355710   302582277
300524643   300745361
300415241   300658113
302776600   303000468
301596096   301822090
302198994   302436433
300980143   301205713
304249885   304476105
336438178   336668396
305686442   306060341
299763794   300009280
306292056   306657196
301929047   302149375
307476029   307868609
304111575   304363866
305182105   305535046
308324283   308774615
300843257   301068968
300888705   301107490
297917828   298148023
301613426   301867076
310418022   330842488
317129492   317452089
303155276   303441231
303211164   303586374
302001948   302242779
301377773   301599545
303542707   303954523
313839752   314234950
306622904   306852477
302649488   302875555
300747921   300986993
314310154   314550349
306842250   307068133
312957795   313177580
304277428   304497586
302592758   302823937
299788835   300009576
301663863   301889751
294303505   294532819
298960277   299178233
301430809   301847370
300540708   300750518
305907714   306266792
302422833   302653351
305500288   305875147
303863054   304096896
305334214   305544480
303792093   304046470
306388175   306778868
307683092   308063505
300959180   301192132
302376898   302594588
308586597   308995354
299672514   299911264
306328980   306722025
304063513   304276067
304877893   305115088
303909700   304135089
303676361   303941672
306248599   306478336
311662183   311893384
309243499   309485008
313568962   313954841
308020650   308272406
313639355   313882798
319365126   319713330
316586695   316921630
310963708   311222284
310789207   311031800
316275037   316614464
316151314   316504541
314398222   314743353
301863469   302085882
307806401   308168474
333106327   334551246
305143792   305359188
304922869   305142197
303704156   303971146
309474310   309718146
303393220   303762698
301803008   302016165
303173482   303399428
298498797   298701862
304218438   304587935
305382597   305612918
322893928   323259256
303212615   303442181
302660685   302887822
307981767   308327618
303383505   303605619
301678428   301918202
306803439   307178081
303642730   303875899
304214085   304467334
302575469   302791164
306335622   306589693
306688006   306915739
322250300   322470039
305271798   305500436
305388283   305624267
300512174   300768515
304616644   304861501
303329421   303562793
300139046   300348105
302423312   302633282
307655763   308043370
308652437   309101543
348242804   348490527
303878781   304110183
303255215   303505718
312462460   312902813
305101783   305352311
309454680   309686110
311013992   311378124
308578951   308826443
304794756   305026963
306190425   306426776
336689808   337892590
347740187   347964305
306979174   307356524
305837576   306070073
306318232   306609547
304409239   304618357
313781744   314154045
303768322   303998853
309224131   309454927
306012007   306225654
305098433   305337632
307032344   307273003
310064724   310287516
308636648   309024972
310987065   311372276
308740656   308976599
307372796   307738637
304135470   304355567
334078852   334305731
306302510   306543361
301970501   302204168
302853795   303074968
303440632   303656420
327691522   328045954
310023120   310386904
302534955   303500120
309482669   309821615
303357106   303596061
308345838   308594495
336155729   337037032
304583283   304799095
335637661   336476164
332735305   333152928
306519439   306779132
305897084   306128741
307109094   308066939
302268829   302483464
332528488   333541067
306754528   306968530
299847582   300081465
305161232   305381270
306010152   306243482
302478899   302703508
306759234   306992334
308252683   308468801
305141277   305380410
300910030   301141276
309024249   309409437
305612760   305840217
309715518   310054257
330683775   331639123
312546478   313020055
305878630   306217797
308575498   308963031
302719551   302937086
306573206   306914173
309895858   310236044
305746087   306102411
300475677   300718654
306505793   306821826
302682501   302914198
301318671   301566757
307853840   308179503
299131490   299354971
301809395   302021962
297693637   299989362
301953029   302217695
300067199   300284644
303276757   303501661
304915249   305256215
308465464   308798492
303402307   303634655
303625743   303873452
301101695   301336509
307249824   307600873
305476845   305720386
303166414   303384576
303043774   303293449
301645255   301861617
393010299   393257634
301062141   301331249
333186997   334092697
302015703   302250578
348410205   348632394
329131129   329338039
312219786   312577391
303166530   303401477
302295375   302522729
323316518   324040732
303218911   304733220
301530258   301758849
302475205   302712342
340332717   340661492
307414150   307638477
300912610   301130108
308539286   308796198
309955523   310315329
301463144   301696144
304668472   304893235
299963728   300189398
304478247   304700788
307119763   307486814
300725665   300945754
301615485   301864989
309717776   310099760
307396039   307606434
301703561   301934621
305562488   305923719
308181661   308418701
310796333   311024371
332898377   333139627
313331440   313684605
307897981   308240581
307903104   308143402
310912277   311256633
307168651   307405006
305782232   306012145
315537389   315779244
307904959   308254775
368346967   368567231
304501471   304716671
306752655   307018743
308903892   309135058
308052577   308291730
324207598   324444134
313339996   313557768
306806681   307025572
309020009   309261209
308044984   308272996
314098037   314427263
313154534   313503437
312217140   312564474
308102957   308358324
307569626   307821616
313345610   313583982
305285745   305511691
305279559   305498777
306358117   306730516
304075264   304299479
304168475   304405133
306500744   306720093
306292287   306523784
308331064   308551614
306439628   306669244
307289228   307535976
304076344   304305467
305003423   305240574
306381218   306617815
309825754   310088365
304977704   305210219
302390692   304359284
310324948   310732534
314112128   314458906
311198243   311468520
303544009   303762091
305296545   305561951
306277195   306497233
301951785   302188317
334768713   335706127
363613473   363987627
325095155   325548001
305475439   305674272
304881213   305076453
307185239   307388922
321898292   322113664
306701948   306918053
310439341   310753708
308708510   309059315
304628882   304852801
303904306   304099597
310153074   310499509
305957902   306163062
308393841   308704790
309318803   309701651
307475870   307846333
320139949   320526692
302598501   302803253
304418572   304611261
300438424   300630742
305573077   305911830
301955081   302178211
340942789   341180909
308878604   309207003
302227307   302470722
308931521   309252562
309080377   309317202
303201972   303407174
303795186   304010551
305703039   305907007
304842578   305036016
308032602   308365213
308662173   308858779
313312344   313722295
307158565   307363402
303610077   303827239
304586692   305042335
299156862   299364783
304123244   304434468
301297830   301518514
303055623   303279493
305841289   306037021
301746451   301940755
303124533   303331762
302571058   302799129
308030654   308337218
302303809   302493627
305532014   305733920
301799365   301996941
302906751   303115444
306207469   306401027
299920046   300114092
304164535   304363437
300001008   300230842
302470836   302689342
306662922   307003150
303237302   303432372
308609134   308944903
310783009   311151495
324542905   331021140
304387437   304750771
301815316   302030048
299800338   299985027
309470580   309858614
321592452   321934608
301255067   301454816
303514058   303712029
310401942   310762855
304466415   304675487
302637508   302859237
303685597   303898850
307074975   307421961
301180469   301384890
299395656   299594709
299469020   299695002
309690556   310014741
300971633   301185486
310103505   310297792
302168019   302375576
331731270   333216766
300404472   300620039
303703793   304005078
300568656   300874360
300626596   300832975
298811276   299028111
299500520   299711600
300891172   301097936
313798414   314111091
307503213   307827426
307667606   307906532
307090914   307416921
304322560   304528239
300832684   301041382
301961504   302184932
300399037   300605075
329750508   330443670
301544793   301742157
298626049   298847308
304734977   304941401
299777096   299983611
300494221   300695929
305334900   305582678
306729022   307058828
304380963   304593522
340876501   341075736
293873980   294065834
302207909   302420201
295740637   295948855
300512859   300722274
306248789   306559770
302729994   302952125
305061395   305263666
304886627   305102965
300102648   300308523
310326308   310635504
304180118   304379632
305324266   305526696
304402676   304718886
317979277   318582293
306298323   306514947
307054263   307257788
307603462   307816373
305294455   305506940
307196960   307408015
309377075   309579419
310024241   310221640
310051215   310257227
313140521   313457740
320477608   320734674
301333925   301546414
304223791   304583386
305869837   306179590
301982440   302177018
300453294   300675614
304657829   304959799
306589745   306897294
302318134   302522274
300263666   300466427
304966454   305173531
304782615   305101732
306165401   306379003
307187582   307519761
301600125   301784050
304309896   304501396
316033731   316237708
329701329   330023152
323966423   324160206
305234099   305419719
306238048   306550708
300745396   300948794
307330329   307666256
297407705   297597671
302094268   302400584
299642457   299843446
324664300   324867984
304076171   304262210
308473230   308803232
306685794   306875030
301401477   301602019
307356309   307680362
299692500   299876263
299956437   300172372
303715477   303912714
301760104   301974799
302254537   302460827
299388105   299586480
301461301   301644414
308536757   308731047
303859045   304064800
301844845   302065496
301733149   301962057
303948642   304135700
302765436   302975343
307328491   307521269
330036012   330324554
304085039   304271838
300593905   300783609
307298780   307636278
302333010   302525214
312798740   313133936
310094686   310410291
309165456   309520378
310452178   310895742
309194988   309387678
307117122   307302477
308739170   309120037
310666935   311013500
304934864   305113887
306095277   306382602
307555255   307741545
305272013   305474792
321392848   322023048
313029850   313410062
305455050   305649729
308844407   309128480
302642948   302842924
309805101   310107325
307826543   308164587
305616170   305954079
303809828   303992969
307825815   308022400
304619622   304803601
321379382   321691341
302817917   302995057
302423033   302636678
306520981   306834043
303200761   303390213
306216361   306512125
300029897   300226599
299924288   300132232
308599367   308905388
311609993   311964533
302692480   302879584
301377840   301568472
306206807   306492283
303504347   303717755
304803210   305113993
302505615   302695392
301848023   302043483
304029377   304206716
310393510   310769243
306981911   307275591
303416313   303732269
304918119   305214849
327374763   328100663
300111332   300304705
301491811   301673261
305861835   306132943
302451747   302675422
301527499   301714560
301950164   302152452
303701479   303899815
302255220   302467148
302523236   302714429
299447711   299663556
300663801   300856359
297385897   297608488
300004182   300203456
303733974   303972315
305642326   305841371
312350745   312561207
308297928   308519192
310683476   310871232
311556761   311768685
313491431   313834603
313948889   314147614
309470234   309692423
313462845   313772386
312894377   313201896
316351034   316666464
312259151   312486891
310734013   310932780
306205332   306505194
306138169   306458033
307233607   307519390
303116650   303326698
358266045   359041068
309097733   309384374
305415947   305739975
309891800   310189446
301417321   301625459
303354506   303544733
304036189   304224940
306069497   306267205
304867338   305080051
305298089   305489129
306343991   306536482
308490081   308775288
301787892   301988610
302103833   302312173
306825679   307038359
304800054   305097640
303872385   304085948
304124011   304332463
303825293   304013486
305009567   305225361
329727956   330436137
303154009   303356681
303121393   303326399
305857360   306078632
306477226   306812204
302254828   302455910
305158584   305442778
306728060   307022443
304214311   304409272
305433320   305628333
303586132   303796747
305639709   305853394
301333535   301528990
301870660   302076532
305056315   305363382
302089715   302277198
302042135   302224540
306048183   306232886
304062195   304365762
303554149   303740800
302909971   303112609
299851330   300057368
304773611   304955064
312987073   313268431
338075914   338272301
296499996   296687300
298988736   299175700
305900690   306223155
304432691   304633067
305285615   305532201
300300039   300481849
307811319   308196150
299660879   299848553
304500113   304704944
327123297   327783216
302203490   302425390
304550920   304851459
302017797   302237771
299802335   299995307
301399640   301604260
323271707   323860607
302349881   302552944
303672796   303886791
333706885   334515945
304414729   304716505
309995510   310215643
318135322   318441281
311759177   311949599
311892637   312092189
309929563   310130464
300618313   300824099
306555855   306756540
300954214   301138708
304090444   304303468
307489927   307827595
300789357   300998767
301681286   301872814
304449925   304655764
306272587   306596220
309011615   309321349
301148828   301329852
300912103   301127964
301157296   301345324
317067267   317391336
306622606   306825242
306798308   306990480
304047753   304235935
307953644   308255336
305706008   306025384
303509506   303701383
296936409   297120051
297954154   298240777
298386729   298689362
301573410   301766511
300653733   300845160
307175584   307485593
303397748   303587933
302841215   303048933
301806598   302036312
299758393   299947014
304949169   305242892
299375861   299586399
301793282   301973134
302378025   302585780
300575347   300770495
300360301   300561992
304977768   305293459
303444965   303639073
300525366   300711234
307994499   308316038
309527909   309895960
301045561   301231231
306397661   306588369
299395971   299598986
304219785   304408337
306824827   307056687
301638385   301836292
332169621   333008974
302114206   302325757
301083340   301314836
320448510   321020622
303014312   303205660
302149516   302362934
301243920   301430635
315406487   315599250
305583274   305874576
308349709   308649674
305992300   306292293
331375106   331564807
338652056   338875972
299043448   299266215
304250156   304543908
301628346   301815934
304843676   305112080
297711275   297946584
300833052   301020962
294354051   294543044
296419577   296626623
295766967   295961202
307493950   307798732
304802264   305004825
302298375   302493411
300235697   300425071
302590875   302812878
303122267   303322859
308762538   309110411
301409246   301624412
302686896   302873075
301785453   301984305
300363600   300561716
301851450   302046798
300454055   300671731
297495330   297683345
304229554   304547599
299451956   299636001
299262986   299447473
304525062   304858238
301042785   301217949
299470977   299657280
293952093   294144710
299329228   299642684
296629431   296831646
307185177   307371041
301323279   301514547
304938670   305247868
308159811   308483248
323378529   323608706
302429974   302640417
302089353   302286844
301439146   301638572
302402421   302593086
302345166   302537837
319874389   320526020
328604917   328811014
300169013   300357728
297871333   298055232
299511586   299712990
304162595   304535496
304174908   304355370
305373280   305689781
300168963   300389631
299545257   299745422
295055972   295256506
295489080   295682484
302450182   302656781
301451171   301631957
302135488   302455097
301697242   301881939
304778266   305070159
299452593   299643217
300068671   300261983
300608798   300801590
329760242   330591816
305044099   305327989
301933161   302113217
298871262   299089543
299817395   300012808
301123716   301335016
298941220   299147270
302353543   302572866
298943176   299141777
305021356   305216626
305774949   306063383
305401053   305715358
306014784   306324430
302809156   302993274
303268011   303453408
304449473   304656133
298604688   298793419
303983822   304199043
303009217   303195654
305337591   305543070
301930983   302119531
305926950   306211036
299495033   299712430
303300665   303498945
303922989   304122834
300860324   301071027
299651308   299852655
307987066   308198516
300910800   301120054
300675870   300880643
300196903   300385762
311204613   311516981
315413396   315727418
308632065   308836155
308271954   308463763
309850961   310039563
308949973   309150732
310097491   310287574
307439689   307632420
310113487   310320188
309255564   309444841
311541420   311758380
308118307   308305817
308701132   308898769
306104217   306292849
307814788   308001339
307246630   307539037
305840657   306040498
307111424   307339819
307796589   307995903
309185762   309496066
305285298   305520511
310371289   310676564
305554678   305740678
304745085   304957036
306189511   306396113
347747709   347938730
307147137   307426443
300919459   301114316
304222733   304408079
300669482   300858485
304396576   304606408
301644670   301840129
304064478   304276338
350824078   351448136
302018895   302207031
303325499   303514807
303334269   303545914
306546883   306837670
303573201   303820555
302633653   302871241
302811395   303012471
306374793   306614334
303112365   303324842
303216498   303450409
303405938   303598765
301508746   301701947
305410073   305617821
302805470   303022099
305753257   305942436
307816240   308125101
300575440   300769561
333439920   334228204
305061947   305355677
312388383   312676924
309859402   310155190
311121681   311422789
317513617   317879327
307050647   307239616
311801565   311993372
304150136   304335580
645512102   645888151
329708265   329990811
308127493   308435922
305030654   305232848
310912457   311114769
317454630   317790308
315070892   315388623
314739032   315045801
331304269   333192634
311607323   311800200
311012969   311215596
318577360   318887450
313162208   313380025
312530817   312740400
310517259   310704782
305934072   306125560
307666498   307873269
305860003   306067875
309284037   309486674
311586177   311967265
306196968   306418687
303957999   304172989
303006050   303200208
304965826   305165238
304914906   305101695
305532673   305718198
352427286   352644337
304957089   305140451
305326117   305533057
304118372   304315601
308335246   308648916
297534522   297719212
299396549   299591114
302352443   302544967
304688179   304979973
295529380   295742770
300427412   300614991
302752634   303024406
325233660   325872535
304029698   304297492
302912206   303087964
303451353   303727342
299158249   299338406
302039998   302232996
300142808   300345392
304180427   304488120
303283675   303566588
297951069   298137150
301219785   301407691
300424480   300618016
374032014   374233235
330641429   331425342
304898344   305189224
300323601   300522107
303375429   303642883
297895149   298099284
301123678   301309146
299693763   299880041
298846890   299046322
302130723   302405852
302058163   302269978
302194386   302388709
332712681   332959455
301757965   301993575
303393012   303699353
302064457   302246996
299352837   299537202
301794731   302002632
297365329   297556768
299609986   299809500
304501843   304766708
299457425   299640302
299819222   300004973
306265774   306573328
302060999   302264705
308133570   308442619
307943755   308148966
304763883   304976943
306329637   306524537
305440543   305721779
296646857   296835618
308387016   308726355
299327040   299517218
301314491   301518217
304032831   304237326
302437379   302649009
302395528   302585093
302558867   302753141
304127163   304407185
304182189   304392613
303149844   303347222
301769895   301967395
300202423   300406831
302007648   302216123
304875484   305061636
309369549   309551778
306013323   306308934
306493069   306803513
301389957   301578631
300455433   300663788
302781104   302991554
345098170   345282576
331532350   332295919
293390322   293609249
295416098   295609803
298075772   298275982
305506595   305797456
298804111   298999158
305554326   305762470
304173619   304465670
301321999   301551929
300114372   300305296
301123594   301349367
305610183   305904343
302293924   302502190
301976203   302170954
300224382   300421469
302372256   302579275
301042748   301223293
299135647   299328164
303888931   304082884
319465216   320052870
304766957   304995092
302164915   302345909
302433268   302643360
303079630   303380684
301145360   301361541
300908129   301105957
301349970   301540203
299787462   299985196
301381181   301587008
304762737   305084002
300549209   300767163
300317547   300528460
299572023   299807327
302354130   302664441
301589226   301804334
300548988   300748792
301156812   301358700
301666248   301856439
308929954   309290917
305459651   305759696
327743369   328376528
300673636   300872232
303890600   304073425
301808341   302024984
305730263   306044705
299973320   300165009
312414730   312770124
295789982   295995871
295244409   295430692
299054293   299334838
297920599   298107409
339160459   339513286
308228889   308503522
306574306   306868298
300527536   300725634
301275457   301472048
300262340   300460066
300909653   301102340
298519691   298712030
303186647   303485970
300737594   300934711
300710052   300893546
299293810   299491908
301676013   301884443
298518931   298713021
303270271   303540717
299423239   299607697
299732119   299916676
302216336   302401749
301626385   301813499
300492458   300687064
303279966   303480892
299306344   299492870
298308471   298490614
301192978   301375174
306786274   307077308
368621697   368828406
300544633   300738677
298360054   298578270
301160444   301347395
299623678   299815136
303886278   304093105
300760171   300953853
296761037   296939954
303863501   304141568
298529020   298730391
312167791   312367642
302080390   302284816
299476364   299668713
301278883   301475136
355181958   355392626
348143031   348361792
318296140   318578875
300167775   300459045
300485751   300684094
302211179   302481683
298703193   298897801
303189541   303406159
299767040   299949201
300338538   300523629
306456545   306739731
301582846   301795647
304026833   304249758
303214281   303400677
301164609   301365355
297945269   298149241
298201791   298391196
304299703   304557867
299007780   299217273
308575205   308864587
303076827   303295560
304271248   304476803
323094891   323298155
303084072   303309576
312956473   313226901
309431969   309618914
307595983   307901086
304986592   305175399
307644698   307852033
310749397   310964715
312707531   312901517
310490804   310680733
315862289   316145207
316721963   317036879
311118228   311315745
308355552   308571641
307988284   308268171
314255180   314471803
305659560   305863877
303080891   303269381
303727703   303925252
302975961   303168825
307457759   307769050
308662759   308864408
309577830   309787111
304972048   305170717
305169441   305355438
306905800   307181967
303025900   303213291
300619189   300806485
296179150   296380806
299146611   299344297
303933997   304142877
299694711   299887913
304119667   304323246
312077641   312393114
309960130   310232183
304002564   304210491
303427578   303625088
312726175   313036327
307434528   307626221
303873115   304077262
303930579   304110679
304153757   304343191
303635343   303834565
303721860   303913169
312332032   312684643
303994197   304176237
306529035   306751808
305324784   305533829
305483801   305683369
302061540   302275895
302455168   302764136
364221554   364933489
302969441   303163153
304939440   305129305
303932139   304130133
313152517   313457888
307485890   307681079
301565426   301783525
334545689   335383945
305098619   305287035
302852437   303074250
308186116   308612639
303525082   303725426
302930672   303118005
305222718   305618209
302098783   302301327
325106311   325284844
301493642   301677252
301103228   301325224
300971474   301177154
304515673   304703870
302726950   302930480
300742938   300925051
302943721   303169748
307327613   307607376
301413600   301600242
302754352   302943040
304942952   305235871
304168573   304362833
299517713   299712088
299716143   299910432
300796019   301024643
300773930   300976158
299627196   299810248
304462246   304744266
298017933   298215735
298076654   298270366
296571767   296806694
296870230   297084809
320429560   320975964
304163439   304428251
306832039   307128245
302610412   302818249
301043330   301231853
303822756   304026566
309941101   310247720
302459184   302656207
307716104   307933445
302243384   302444545
300639865   300817890
307342645   307661240
305578295   305850540
300225900   300431043
306063494   306363356
307284463   307551974
302599869   302792065
297898003   298092876
300652472   300854287
300293927   300484215
304580517   304853499
304684496   304878560
303353788   303541287
305724710   305918630
307285929   307527854
302077262   302297286
300758083   300938689
300074789   300280060
304837813   305119581
301970027   302200172
300966560   301166221
305212967   305493794
303074838   303276883
318778683   319082942
301076404   301283368
304506615   304690955
304626516   304913027
311766252   312138323
306024472   306335151
299955676   300138395
301301295   301490608
304012431   304315001
300496901   300705560
300985387   301181442
302790726   303014420
335491814   336302859
302784664   303013056
304977300   305250026
305353598   305552869
308703531   308993174
301157019   301349478
301197711   301400470
296496118   296680046
299982820   300249515
298460839   298763982
299582032   299764312
301718530   301924990
300246882   300447714
303276842   303463522
304427609   304703158
299878351   300059710
311862224   312212280
301858693   302051701
303971347   304169563
306650854   306926220
311175914   311514632
301291022   301498760
304091819   304321549
300399491   300582822
305099530   305305404
301004987   301209376
305797258   306082037
303471094   303662816
302297916   302483419
303337204   303535969
304691078   304974646
300482044   300756485
315642919   316172418
301494985   301697175
301488587   301684784
314530641   314784935
319407749   319613848
309145226   309427970
309116551   309396686
302391178   302585430
324460637   324745947
316009374   316211257
316122152   316315192
304069155   304272434
314247920   314579846
305856539   306078579
310670373   310862150
314601757   314908877
314168901   314478504
311873793   312110225
316013595   316315826
