485415212   486305170
295686927   296061826
291699204   292279956
290080130   290472668
289171442   289394695
287698037   287938450
288255947   288501481
293860688   294224450
298644850   298914036
292407518   292962193
290938838   291385805
285653003   285889291
285416670   285644997
286728202   286952523
291678292   291908515
286930701   287154231
284207531   284439418
288138206   288358603
284138342   284353644
283687118   284248856
279719315   279928937
297376789   297583233
282522290   282708804
283910405   284103684
282540327   282749473
284639248   284839459
293105214   293317382
283598253   283784315
284172824   284361563
285233484   285422337
291902627   292113502
286089117   286545951
284283218   284480923
282700086   282895300
286080757   286274956
304195085   305010924
294688697   294925533
287925961   288255660
283544076   283740291
287080634   287400986
282253777   282439127
289029372   289209337
286499200   286700196
285383463   285567000
281762510   281937255
282269372   282445236
287149314   287452156
280557222   281117510
281827637   282014141
280251433   280440589
284015713   284329287
309109010   309877714
285076431   285288094
284144272   284479309
283660082   283854179
286534780   286712944
287413323   287749112
292730577   293056933
283746347   283942966
281192237   281407914
288997493   289181581
289810852   291959395
288496418   288864275
284473891   284684340
286026736   286206521
285482940   285663385
283640317   283840359
282325846   282559822
290046373   290345423
284690104   284885344
283895025   284075560
287058798   287242678
287414362   287625672
288015780   288196930
285804233   285991729
304132432   304876296
301099059   301304967
296731117   297130449
282013726   282204470
287142241   287464967
281913064   282201570
284820641   285116008
280706579   280896523
280213800   280403089
281117343   281308892
289708089   289888055
281803579   281979963
282227954   282410304
282213373   282418449
289690892   289875422
288190525   288382503
284479493   284711803
298486483   298674247
292348561   292655742
288738139   288922600
295519064   295874325
292320967   292519579
292753532   293063189
282453092   282656350
284905606   285135493
283039995   283217061
283154355   283332598
300240043   300608948
283738870   283947909
283017525   283189571
283453214   283647009
283695543   283870220
282052197   282237525
282421860   282643272
287410676   287587018
285632647   285825693
282960108   283170389
292427056   292787436
320816324   321003441
281334359   281511594
300104740   301177739
282935686   283115181
282151622   282335769
283806397   283979798
289747518   290030047
280358448   280533255
286434980   286734468
290948747   291283513
283071081   283364333
276381594   276557016
278373792   278557337
278656911   278848505
286199917   286393776
284177603   284361959
283889927   284076037
282798736   282995592
284148229   284320290
281327885   281524872
283777485   283965840
286538245   286871164
282120169   282300821
281086621   281291570
285241890   289176328
283785264   283973321
285366713   285540271
282331012   282515842
283866641   284044205
288148864   288504433
281993564   282175874
282918096   283122927
287444927   287745256
284681994   284870533
280638030   280821638
280376005   280561539
321739488   322095730
281587941   281775272
286310977   286672865
279964580   280144099
281145150   281329556
277489809   277674763
279159881   279336231
282489610   282863857
283325740   283506842
281912088   282103751
285093458   285405964
278670281   278850978
283371558   283561035
291490158   291785184
286616256   286821806
287359833   287603253
294100051   294406513
286268846   286452972
287109545   287302604
286973208   287168562
291865692   292186831
290038665   290345236
287770738   287953622
285426762   285610926
286481147   286661131
291835025   292150211
285455907   285647553
285795960   285997722
286908551   287089399
287451344   287669949
295177075   295552969
281956402   282141672
288262552   288455690
284982444   285165769
288632340   288824198
286128287   286312035
301168373   301495909
302003680   302621669
283908117   284091643
286733039   287021294
307854686   309104500
282552153   282726310
286129104   286315038
298607175   298787159
286917464   287212988
284289690   284474098
280251490   280439182
287710463   288067930
279754372   279937090
281244429   281431685
291736049   292107201
282069440   282256815
287377567   287575078
291213691   291534101
283725842   283917474
298868440   299054219
284135443   284308426
281182145   281393849
284362944   284652200
285358407   285655349
281650619   281818507
285853635   286235529
318203556   318389197
278343820   278522899
274397403   274582953
279214559   279406218
284091655   284286655
283982903   284169435
279683519   279859646
281270439   281451138
280661945   280839910
280775475   280946507
278895103   279080623
283915717   284095020
281204773   281395245
284982462   285347060
281116490   281308371
283461669   283703295
281808587   281987259
301062852   302741564
331195113   331379718
284857884   285041746
275647419   275831917
277609671   277802433
293226666   293882242
287305253   287648885
306405590   307142723
280729795   280908455
281879435   282056448
279178007   279385465
280079473   280288087
278640629   278824316
279936317   280116331
313160063   313352085
286414653   286693093
282246711   282428702
283864958   284071687
282689866   282877746
281032991   281228019
280958290   281174195
279752841   279941569
281881762   282060555
279748929   279946770
280278960   280473219
286571625   286856914
282663254   282846740
332637525   333680055
297291173   298768577
280121513   280315647
282370747   282555858
282226532   282406791
286615957   286890036
284643792   284835481
282188311   282375635
311508377   312423531
284797985   284987449
283824179   284022248
282925199   283109208
280034661   280214592
290610745   290937670
289400779   289666905
286837741   287022196
288455982   288644186
287744242   288022576
288631530   288831631
315258478   315477214
281007318   281225530
283951843   284219044
282144024   282312673
282405593   282574826
287270422   287534443
278300138   278472814
274514484   274687368
281248646   281430771
289155671   289481466
287402224   287698662
284982885   285157345
284754701   285026691
277381144   277590272
281700612   281883367
285097156   285353573
279705190   279894966
292564632   294138017
278482644   278656340
276839469   277021389
276412742   276582471
283610898   283778304
281864203   282045232
281930326   282111736
280960611   281126597
284291409   284455871
279003688   279184526
285365116   285533959
284672087   285003933
374437577   374615379
285652175   285917142
283536342   283719979
287137804   287439611
279874174   280037241
299457275   299752298
286063853   286356020
287287142   287556390
286984272   287245876
288392715   288660118
287435109   287729006
285357569   285637511
283357762   283643901
320889878   321156187
286423611   286706179
285901843   286158768
293743684   294058115
288306049   288597034
284750038   284917538
281089152   281263275
280313104   280471162
282737061   282906362
289766014   290034749
282787348   282991136
290846892   291015838
282226415   282399405
288223641   288480247
286324642   286608150
280185319   280385168
287810541   288093955
281109265   281285029
279420503   279600557
276276592   276475171
295404610   295950770
280874751   281050839
278812323   278975748
283693702   283979447
295184233   295472387
304015259   304290533
289231126   289417175
374532553   374719636
283347116   283524849
285399476   285590770
289615246   289926747
284775568   284960901
297206776   297383256
287615346   287801108
284806450   284990714
284140299   284337222
289395330   289675104
287263465   287532394
285088081   285260599
285539663   285716085
290669224   290941206
287085433   287283877
308099262   308625284
287316606   287516815
286232611   286404283
288595382   288771629
285611609   285785499
287587697   287770289
285978038   286165489
286014835   286190139
289189853   289466116
285705659   285906636
286210786   286400684
285153772   285321657
285828944   286025192
285098029   285288534
290299475   290572249
286309805   286483126
280163164   280356459
282697202   282869793
281658040   281841501
285486538   285652408
285376771   285657451
284099336   284271820
284818529   285085355
284215425   284394501
285328840   286240607
302796562   303026040
298555903   298979928
285022928   285181558
284527085   284711044
284413724   284575471
291677022   291938378
287066070   287250340
285294511   285452901
286208353   286370571
282837492   282997884
289700776   289957463
284140865   284320120
284300572   284498166
283533474   283794423
287042986   287322305
286520755   286777406
287590138   287762682
281548329   281731529
283106484   283275550
281983029   282142346
288778253   291975336
300957008   301118730
282388340   282570839
282460535   282613167
281024178   281176891
275883892   276039197
277979818   278133030
274392401   274555467
283233499   283402885
285686479   285968193
283069790   283226674
284874317   285136049
281094003   281257409
284939262   285103812
287420346   287701330
287607968   287887936
284024666   284175730
282829452   283015084
283321635   283475779
285192087   285350381
288888028   289155532
280938645   281104686
282359776   282602892
286594405   286912599
281928802   282104587
282653452   282819331
282106874   282275046
285633024   285892709
279358967   279512153
281450346   281610413
286314091   286478172
291514470   291693042
283742470   283900014
318044246   318307182
284851847   285006917
284876204   285141691
280771860   280919059
278990118   279155784
281172909   281324786
278467277   278627192
279693880   279839202
278878073   279047667
284994679   285343026
285852498   286157762
289810677   289966224
281397054   281556629
286626754   286914187
280485240   280651148
290092987   290410017
282690808   282953928
288275928   288455569
292181769   292441609
290272838   290441917
287810641   287967575
285491071   285639903
286237857   286419445
278786217   278974223
295274678   295419785
279368722   279551143
283642939   283806097
287761447   288072772
278897454   279052850
282816523   282984691
288878579   289135971
285133696   285308961
282130643   282283252
290646139   290953460
280687735   280841723
279633103   279807293
280573450   280728997
283482093   283730092
281898094   282066087
285481855   285800669
282754217   282915289
284156077   284346132
284996945   285175104
280822904   281003493
278184632   278338727
296980155   298476886
282250891   282424478
277674042   277835649
285691974   285948264
284380156   284541450
282502246   282667511
285564480   285736518
284493060   284657511
288270005   288424903
281056972   281230366
315329151   319542408
284287675   284469039
281292406   281473403
283399104   283584493
288774887   289159282
282955959   283127175
283413562   283578298
284429861   284597339
286098377   286371156
279911411   280078882
281142365   281301674
278805566   278971086
276752361   276907316
282484374   282733020
279888755   280049743
282732499   282896254
282792499   282949797
278463547   278633564
378159705   378335735
303790522   304090892
289999045   290202030
286742301   286957581
283525369   283703553
283543065   283720325
283246833   283428336
283048751   283213945
283337136   283520706
283848846   284026743
285006558   285175829
282600251   282752479
282483389   282632137
279222809   279384838
280231505   280427427
280373230   280531180
312571021   313278350
282534592   282692156
320130431   320288672
279596869   279766247
282542251   282693872
278801134   278950570
284801487   285040130
281291907   281453697
282082835   282276453
281789593   282035347
288698582   288876800
290938941   291135460
313868938   314118283
276374700   276533410
282077767   282330327
276153720   276304190
279434131   279598424
278886496   279056972
278368769   278532504
283155437   283303949
278779506   278955499
282957810   283220846
279912634   280087349
284988473   285248037
282079924   282265892
283918553   284095189
281635636   281795754
314889477   316019046
282765945   282931529
280594331   280767350
278510006   278675774
279282014   279451653
281202412   281349781
280277756   280427695
277117184   277286688
279389080   279550610
279374873   279523903
279786152   279954875
283089584   283340303
282471194   282623276
282436959   282614376
280905568   281062785
285778258   286024059
281205498   281382025
280664571   280821728
277273715   277438916
278997574   279186371
279670806   279829468
287546785   287702323
284723169   284980039
283515495   283764362
282116641   282363387
280887604   281046316
287448062   287606806
285560183   285711839
284710696   284878044
314333778   315112267
285133259   285289593
284567069   284736454
291689407   291989003
300125232   300306717
288394731   288664953
282456222   282614297
282406821   282577399
286295431   286462341
280160148   280319151
282862066   283017089
282735186   282886233
282597018   282760165
286026720   286269050
282871159   283046834
281843964   282008395
282583080   282745481
282115496   282269716
280935591   281116503
283807505   283958833
281530654   281693201
295577470   296078514
280027954   280187885
285388754   285639257
287125799   287393368
279515001   279697075
278665693   278833168
281293818   281488372
285351334   285625445
274752928   274904073
271668213   271824688
273941975   274104180
288180039   288340438
282564505   282730854
286677987   286942664
280824384   280977491
279356346   279524552
279932291   280094229
285077509   285312453
291954710   292108449
281959441   282131698
282836968   282998585
280578698   280745118
280838359   281031963
279718605   279876900
288037234   288291293
279620052   279781483
355158672   355323365
286152600   286314864
284856104   285069040
281256912   281417531
283790301   283963422
290067851   290312881
342400834   342584307
280928761   281096333
283652871   283817857
285252470   285408346
283246011   283423143
315103406   315256605
281055354   281206157
310112201   324393894
288523019   288676485
285612102   285765458
294586872   294821459
283919508   284073346
291327628   291569467
283874199   284027606
284272373   284424826
285641356   285810308
289976760   290235008
284918341   285097410
288698434   288963801
285081658   285233867
283572757   283736082
289110464   289358284
284275869   284449361
287161688   287407279
325400166   325559756
283934034   284099051
283696613   283853786
284609499   284761345
285754249   285920647
282886929   283038069
285890004   286055902
296620549   296928734
283416175   283582046
284628228   284885212
284487516   284654232
286401791   286650949
279792737   279976805
278361417   278508731
282920817   283077280
282656559   282818354
284948553   285140961
286743709   287024525
286922079   287166108
283858528   284047985
288840440   289253492
280471612   280652875
281605792   281762684
282252854   282409825
288914841   289169884
284727673   284902466
285803474   285990236
289997713   290237398
287604121   287861153
281878164   282034935
283066796   283220826
284811094   284979983
305642178   305802035
284939967   285107191
281324282   281475653
284563155   284721112
285004774   285165301
285145200   285295299
281740453   281908717
282673258   282833057
287107001   287362424
281144239   281303357
279598920   279754936
279279952   279445574
283352231   283515868
282441947   282612719
277363573   277515341
278272069   278517672
275997435   276156031
275464801   275627936
281677842   281880312
290978689   291287675
281575501   281734571
285152315   285304559
281316421   281502477
281734308   281911106
281254986   281425761
282939720   283117112
286044750   286302368
288621607   288894363
278828655   279021916
285251247   285491083
278892538   279085524
281151762   281300163
279772872   279930840
280429807   280602186
311735223   312473626
279135126   279299945
285769996   286028918
280618213   280859284
277768199   277925168
274946622   275107074
284433182   284591014
285050398   285209008
280846622   281013335
288674718   288920827
279633609   279821630
280012424   280173629
280183498   280331090
282827827   283076959
304360592   304929776
279220774   279394806
279884328   280040850
283700778   283961663
281923306   282082414
287960945   288226688
280533808   280683070
278955300   279130520
285900684   286069402
285556732   285734803
280363041   280525513
283782196   283947197
283734184   283894025
278085332   278237553
285482490   285751201
281544548   281707378
285065376   285240304
299530461   299687566
288921262   289185290
289425412   289668442
282787106   282949347
286005260   286164004
283586300   283737003
287064030   287214479
285196831   285379984
280697118   280864747
280574107   280733780
284857956   285104834
281110286   281296069
311066053   311237021
305203070   305478804
281668168   281858719
283118214   283276716
280459389   280636118
280355118   280525618
283264392   283422585
290364500   290662212
282115699   282275353
281110546   281285672
282607193   282789785
281328754   281487818
281078251   281252628
281196189   281367841
284454045   284605884
285354109   285601645
279549084   279708514
280189937   280341183
281644040   281793558
284409140   284581005
284643488   284799201
279464043   279646638
281629768   281807732
278348719   278525691
280459097   280624514
281134322   281279354
281211091   281361563
282781259   283053497
278719743   278868222
280720156   280872508
285838584   286104360
282678339   282838938
282584368   282744826
280536194   280684584
281057967   281210874
281534749   281715917
285058520   285217129
304869989   305360237
286891789   287052858
286618099   286773920
287067903   287227715
286012033   286171662
286202346   286356619
284633420   284875170
299285230   299781711
282769454   282938213
290000684   290156605
285685051   285841409
284179447   284352702
282737047   282892856
280968264   281153479
282457231   282649674
280316308   280476718
281823333   281978277
286980091   287128763
286686068   286840380
282874276   283035876
283885516   284043386
285286456   285444525
309057939   309244548
284036190   284208520
288180614   288438065
283879934   284035210
284375045   284529768
278209997   278359346
287438585   287707216
286962413   287202535
285495987   285657380
280955201   281108110
275648749   275810222
281309901   281546061
278331209   278479682
283228687   283384419
281222668   281381118
285012964   285159162
282008238   282158099
282675226   282830349
285127975   285311262
288377388   288611172
284177203   284343744
283725862   283888266
283973527   284132823
287565602   287829610
285701132   285878014
286195959   286338508
280469924   280644327
288762016   289009474
289121438   289358878
286728760   286885131
283972632   284152381
286453423   286602679
284515482   284669284
284280550   284444273
282878218   283036517
285005030   285153988
288773793   289027814
285908399   286153327
280485020   280645609
284236788   284387838
279616357   279789339
281751932   281905381
281181649   281352109
280932401   281101241
281753990   281907085
292483201   292726669
283774383   283963408
280474641   280637371
286648025   286887090
281374967   281533960
280281403   280424443
282499331   282677462
279289898   279439600
280023055   280190216
281723144   281881712
286702743   286851743
286919854   287080929
285642262   285804438
314559550   315240326
289627320   289776399
282663229   282828900
285210435   285385604
282671646   282838545
285738555   285978599
300663460   301176703
281703125   281898209
325689062   325888407
281784678   281967117
286181677   286341903
310295712   310482238
283458485   283612150
281711359   281859944
280467890   280643297
279555071   279734862
279621893   279780631
312286465   312982886
280913404   281063895
284554639   284704536
285590964   285767908
288595106   288847039
278770642   278920413
279829841   279995478
281430521   281597464
290012278   290250544
282066527   282214791
280936229   281102648
280959807   281114994
281456054   281606326
279901328   280056981
283135548   283305369
280664999   280834267
280866671   281024177
280570031   280723091
286016897   286273743
285887220   286129276
286012246   286277859
579823628   579974060
402317182   402560144
280000278   280162365
285938931   286179217
280718077   280881161
284364517   284532870
285919625   286187913
282474397   282655922
281220032   281380669
283809687   284035081
280860500   281018548
281584220   281747920
281125331   281303795
280945801   281106871
280888237   281039184
280833629   281001491
282619656   282789185
281812846   281964583
280431522   280589242
280964921   281112676
279004178   279253321
276929652   277186070
274823282   274974881
282172554   282343837
282188516   282363398
278522224   278668875
277978255   278143831
280363389   280519225
279903526   280063001
285644436   285886113
278079546   278254052
280357283   280529227
282845862   283082992
278477883   278620238
278976898   279127382
282913061   283084843
283557786   283794510
280398927   280561194
277667720   277835218
285002380   285248974
280783543   280967809
281124823   281284498
278911988   279101369
280319172   280489168
283630288   283792073
280076471   280224945
280230846   280392204
286794602   287041207
282717530   282878978
280358589   280514413
280175900   280323916
287225300   287477381
280762754   280937510
284041872   284287521
281815766   281977009
286868059   287127281
280589060   280764921
282485489   282644524
284922056   285065913
282538512   282712232
280074386   280233645
280972979   281132794
281109904   281280413
284280080   284525958
283457624   283692544
283274442   283519013
284022994   284261772
281367063   281520294
279402771   279551912
274582390   274731269
276365621   276521355
277712782   277862407
281131973   281368648
279731919   279889310
281847381   282027694
279402858   279601420
280907932   281049325
282535308   282687148
279945461   280099757
280980214   281122037
279603609   279764396
280849302   281007348
282551266   282700977
282923479   283081089
283645563   283806809
280233930   280408451
284581842   284735834
289711265   290010052
285135494   285309391
284698002   284942131
280925401   281068674
299373243   299626439
286393758   286677804
281474586   281622323
284573650   284719619
281542111   281694271
282545072   282698751
284203354   284363907
298543916   298693663
279572174   279733560
280355820   280509948
293540105   293692312
293159145   293307355
282964705   283122319
282222374   282393807
284075363   284237409
281733734   281894814
309696909   310255965
282249410   282407627
280498100   280644122
286487976   286646531
287753832   287986343
287571057   287809032
287439662   287594807
285063955   285231104
292511578   292766064
286150172   286298031
282262680   282436251
284902204   285052789
288704871   288986283
285966408   286141410
282665906   282830973
313702064   315592212
322084206   322397714
287160772   287413034
284018450   284177166
282812861   283000887
288874943   289102056
281841597   281998835
280930090   281102423
286117867   286349482
285564150   285709285
286012494   286178575
284840805   285018141
283033540   283192960
283547290   283698032
284332425   284505270
284339493   284578698
281495804   281660479
282915428   283085031
283575269   283734123
282075894   282228793
289459234   289676908
289461754   289725858
286362918   286536754
287445669   287617564
284887406   285037933
286763465   286929747
283634123   283787921
287005027   287163270
284845742   284999875
301900583   302375542
284758033   284924853
313215309   313374200
287173406   287361517
282655751   282813533
285102429   285255181
281747155   281929982
284460486   284628592
288291575   288560846
288255128   288495826
284476764   284614829
284720369   284977049
282953730   283106001
282023501   282169915
281686009   281856400
281230774   281378882
281799380   281985808
281044161   281187861
281520663   281679128
286394373   286636646
284126626   284288359
282245809   282415775
283568324   283728304
281315248   281479457
280398033   280558595
285900244   286138996
282676907   282840940
345603290   345780928
284129286   284358671
278876766   279035297
283806620   284020055
277097289   277243467
282037189   282312367
279112083   279277067
280748029   280925840
281733898   281900297
283049273   283198031
284801254   285040456
281784884   281932777
278777758   278936991
279421779   279579612
279850613   280019515
276562823   276720364
277633166   277775871
280817415   280980335
280788388   280933481
278505390   278650447
279010743   279158258
281348534   281503976
287301824   287481034
369688137   369928455
290553821   290793160
279890444   280053052
278400447   278556449
279054906   279217818
277620275   277762754
285330699   285552419
286454353   286668770
279779704   279943601
280641325   280789839
284707619   284932147
281852787   282015312
279848849   280000161
284393618   284624913
317335385   320605730
286516998   286669449
284896935   285075906
288829443   288986850
285755116   285904381
286096611   286262006
288931664   289091142
285494020   285642828
306454688   306949337
290777849   290995679
291417616   291659796
285587028   285747585
284306934   284455014
284536252   284682182
284047100   284203600
285849787   286098512
285397808   285621067
282391368   282550533
281590221   281754302
282193453   282347167
282353338   282520371
288016580   288270870
283525120   283677799
283547113   283707945
281808262   281965955
285823275   286066718
284178500   284329683
281232987   281375894
284264028   284435964
283199531   283367755
281045458   281218943
280921592   281096353
280420964   280578935
279310192   279463582
285258332   285513027
282208032   282349519
283697726   283855515
282206575   282367413
287312360   287566194
281621916   281788704
282615359   282774659
282737942   282900034
288398278   288644862
277937368   278085161
295784503   296230374
276964293   277128030
301948936   302490592
289130807   289349740
296563542   296736213
308601233   308840803
279504131   279657514
277507054   277659401
281727532   281877320
282612116   282775875
283474680   283656771
285529136   285692671
283139237   283315017
281808681   281958557
316635969   456268348
286398195   286743955
284313972   284463271
285362008   285595599
280941514   281102783
287402266   287620848
286396238   286651004
286260514   286484246
289266126   289508362
282881495   283037243
286100446   286242726
287817875   288064683
285841633   286025691
284202670   284353563
289629118   289864934
286263565   286406680
289385175   289641988
284275175   284438831
285285445   285435986
284806008   284967501
286044012   286197867
286831951   286983185
284212665   284387858
282917488   283064933
280919631   281067347
284597131   284809354
284582379   284740613
282878319   283039318
284487229   284635669
284907694   285062032
284678568   284834945
283405024   283548452
283997080   284143393
286814182   287046186
284884085   285045791
286867782   287091658
282415661   282558121
283917672   284064949
281795081   281944003
282577778   282727560
281504218   281648402
280634390   280819440
281526370   281685027
285536526   285687941
283035368   283181523
284804886   284950515
302708236   303149016
284274999   284430969
284348667   284528628
287923982   288135882
286632287   286769653
285209720   285360967
286285169   286504295
300936509   301380431
289084043   289323289
288693922   288842991
289685933   289836406
290539946   290766770
288433337   288584847
285235141   285402311
279647469   279794588
280165411   280328536
286536850   286700218
295810730   296028039
280835084   281001909
283143675   283290682
286172039   286347082
283209166   283379300
282488056   282694406
282291430   282438684
280796464   280943008
282206807   282359203
282412269   282558502
281889634   282039253
283782273   283928696
285605995   285814386
291399044   291643011
285866105   286003074
286032720   286213092
299152818   299351866
279502333   279683896
283565467   283785226
286506465   286742245
284944282   285157532
283190270   283466929
278199537   278358568
280702262   280875520
279280649   279424779
278870423   279018373
286430057   286663628
283715437   283963318
279826539   279973545
280577965   280728991
279979261   280129717
296845062   297113633
286081302   286297547
278813488   278985385
278978429   279127247
282981278   283128045
283349442   283490653
280423913   280593550
283248936   283506666
281944125   282111921
280228472   280372458
279516230   279672168
284866018   285092648
279599061   279740517
285222570   285457393
284221741   284451491
307101800   307656834
290859544   291077493
282799041   282952005
281268197   281434994
283979221   284118191
288776059   289001785
283991805   284152485
279623036   279771491
283404287   283627029
281358921   281527765
281571190   281719987
279130363   279294270
280178822   280335566
281079287   281235489
281275909   281446357
290335338   290493604
287517458   287670075
