213456670   213612880
213227331   213387617
219416912   219571120
214659188   214784713
221993331   222139312
218702688   218839533
222768613   222899837
221479057   221605058
221030335   221161962
217508925   217663160
212817970   212944629
216765651   216885966
218962473   219114114
215968843   216110079
226787072   226913831
214780833   214909340
213179538   213319158
217265853   217384091
217514559   217658995
217886573   218006916
218107275   218234513
214853669   214974555
231179959   231307849
211336372   211479257
216094631   216220717
217882429   218019959
210985640   211122680
219123379   219247155
217707677   217842415
219093410   219219052
215979181   216256552
213737972   213866505
216137027   216286355
212326449   212453070
213128218   213258196
211022218   211149115
219653483   219786947
218258786   218395535
211580626   211705760
211969846   212101570
216129305   216243237
217294045   217432050
217202189   217353076
211016733   211156798
229908945   230056047
210367408   210520755
214393970   214523066
214513355   214631768
213158425   213287825
217141657   217265842
220782049   220903660
210456493   210587037
211869175   211992266
216743067   216867102
216863582   217000729
213473656   213602472
222537441   222656845
213345687   213476949
215968917   216102231
214824992   214962271
213247158   213360303
219458177   219591985
218186762   218320218
214588696   214729832
217924079   218047169
215996052   216112964
212374158   212485997
212258087   212383054
216840610   216946925
215691302   215816641
212635623   212759377
213805002   213933256
212902302   213017656
209607238   209730936
214217766   214340274
215087082   215199492
231652854   231791833
217805072   217934350
221473147   221597035
222165448   222279675
227100977   227222389
236063482   236212107
238761700   238896927
238747026   238879405
230506527   230640909
226151045   226277890
224554184   224700597
224277214   224403202
222940018   223075805
222174495   222318375
222621047   222748882
223660298   223787964
222905284   223032836
225091882   225233910
222017361   222143473
217111180   217237635
219103336   219229177
220815176   220932560
218835459   218967726
217120466   217263938
222439653   222558452
223808121   223935929
228951418   229076209
218026007   218154326
219128675   219242044
219889864   220040824
221290780   221440655
219377218   219537222
231496775   231627784
230077087   230216214
222828473   222976596
226967117   227095917
230355877   230487112
227421930   227556047
227160542   227297111
416599712   416732599
445442437   445572110
222277676   222398385
221029519   221154316
223943932   224082668
223055361   223177720
224199753   224336098
222744993   222877221
228352275   228478856
231961962   232087291
221915485   222034249
220765054   220890970
222697329   222842593
226547553   226677166
222191909   222314703
221737406   221870820
221214098   221348761
219565548   219699363
225659655   225785897
223864917   223991384
226406406   226533997
220055079   220186456
220350418   220472024
224173189   224316909
215562908   215702632
219739978   219885384
224407448   224545179
222151968   222280188
222820912   222947714
221807160   221946831
224943593   225063537
213183289   213320211
223932210   224060432
224799408   224925421
222839261   222974947
221170571   221325476
223616229   223747353
221951935   222077865
220320478   220454865
223065349   223199346
223990701   224113508
224452319   224585567
223313209   223436577
221696257   221823764
223955553   224088732
221154528   221317865
225423937   225545088
221897712   222020950
225661499   225794907
224679150   224809766
227575274   227701582
220956601   221088800
221092735   221219768
223010208   223175934
221140120   221262522
217309210   217454034
220605789   220733844
216768287   216893832
213830618   213979017
217573903   217709696
215260269   215384294
210420060   210550377
219101570   219239141
213043177   213173711
215504412   215645679
211251459   211365516
208538588   208682304
213136227   215860228
212071193   212207797
215480523   215621193
216908748   217045769
216187475   216322561
213792512   213923111
210984395   211112749
211148843   211268060
217398160   217550747
216865603   217009264
221337002   221468656
222950760   223094344
233554580   233676774
216214090   216330132
217878702   218003169
222437702   222567330
219248772   219373262
216533539   216673855
220680433   220799706
216565126   216700660
217437470   217554542
212081721   212210614
215387704   215511121
220808787   220941019
214350690   214474441
215496251   215639284
216997902   217134104
220622373   220758568
218459825   218583625
217177138   217306694
217793425   217926855
222180093   222298418
211887280   212018575
214014297   214154946
215223044   215344020
222259685   222389149
219042952   219159859
215093415   215220019
216247744   216360924
218831691   218957668
220202429   220332695
220723210   220853977
219580990   219700565
220072652   220194815
215923183   216050651
219637541   219755416
215257424   215399095
219869087   219996616
217519272   217641292
212995586   213118754
219585952   219713206
211500616   211631048
214301714   214436546
215512829   215637762
216493115   216615325
216157980   216283264
214767941   214910051
216395711   216515968
218545380   218670204
218226124   218362422
221203629   221342370
217508680   217660420
220682229   220817738
214308436   214454718
216612625   216739814
221328541   221452575
216135327   216273845
218038101   218167564
215084167   215219853
218898509   219035126
212317898   212461263
210218945   210351187
220161135   220298873
215914902   216047232
213555276   213689799
214408477   214535221
218387343   218508768
219658327   219782770
210500871   210618699
213330457   213456565
216344531   216478011
215614622   215734571
221317490   221447922
225267242   225394147
221471645   221589998
220362369   220515595
222706713   222829868
223537189   223675708
217217538   217349585
217805550   217935708
224401168   224537040
216378974   216516189
217046058   217183325
219364160   219495349
217767157   217886680
216201376   216331481
220640943   220785109
216965499   217126243
219648880   219783153
218763887   218881204
213570676   213692229
219482694   219616337
221144834   221264445
224287435   224421256
215779365   215907700
216833222   216969366
221285356   221415225
230555269   230680170
227144732   227282048
229324110   229456350
221903713   222037178
224057953   224229246
222962912   223100971
226464312   226591519
222295165   222429517
224919733   225048695
229136931   229256030
224106920   224242247
224868336   224986319
222278429   222418382
228901289   229032184
220067224   220206838
223377798   223508175
221519925   221658263
218586266   218713051
223351110   223478909
225728611   225865797
219599527   219727471
217191249   217322929
218757558   218891798
222358174   222493652
217758506   217896635
218966474   219085318
232538125   232665944
228075398   228201463
224516849   224655088
225997976   226129404
231280401   231412343
225722782   225845067
226085996   226223461
227314329   227438882
224899452   225018259
225817460   225947913
223534294   223669504
225008405   225137207
222220879   222353792
223284615   223454309
218026486   218153685
218357182   218480681
225126904   225273004
218217193   218342288
215820886   215960484
222851367   222978889
214800319   214927861
218848422   218974866
213536568   213685997
219117917   219256813
216946187   217081754
215833118   215958745
217629730   217761746
216262010   216396810
229267849   229393653
219780018   219939136
220495714   220630328
217397519   217527293
219812776   219932336
213537910   213661679
216537677   216655032
218153001   218274303
213811311   213953965
217063999   217198318
226927304   227092236
218908588   219033890
225545664   225668767
220032543   220160110
221587035   221736015
224752396   224878576
223903964   224042941
225744860   225867466
221585394   221723863
225845868   225972927
225887221   226002176
222914050   223044051
223267422   223410601
222386425   222514356
221802766   221939187
219904507   220037903
216706757   216842171
221335402   221566488
214592688   214728729
212483365   212613638
213391615   213521245
216137697   216288147
216126546   216249224
216596361   216729390
212841100   212977506
222989745   223105010
215347501   215467032
214263448   214401029
211907590   212041254
218630689   218770901
219693600   219830235
214747479   214871879
206684185   206800953
213492600   213621736
213088667   213237188
220081192   220218389
218022239   218146178
212656465   212775521
220450066   220570464
213609284   213771810
215265993   215400316
214538861   214685114
213429976   213550325
217347054   217471832
221951449   222086253
220580932   220699270
211879683   211996212
217206092   217352914
219355432   219489959
213896606   214051666
217260326   217382671
215130554   215245141
217151239   217275968
209875929   210024409
217788487   217898628
212207347   212358293
212518594   212646260
211359684   211495399
214520458   214654503
213690157   213817422
216271927   216402982
215831692   215965406
216694937   216817166
219727120   219862232
217342789   217457320
218957625   219069894
223874646   223995633
218096945   218219943
215619776   215767965
216327207   216450353
224520938   224635407
226142307   226282040
220643077   220785203
212594094   212710236
214065112   214187068
222516486   222661770
244876081   245028957
230715732   230839746
230527453   230668053
228698994   228821245
231313639   231442247
231458564   231584578
235248394   235379952
232760163   232898780
231981905   232133581
228605440   228720732
227033504   227177906
229213863   229359850
223714287   223845000
228686023   228811135
223372504   223499567
222298705   222423259
218739414   218879354
223385381   223510214
229969664   230087114
224887183   225024453
222061808   222212211
223726226   223865512
227119286   227242737
227658344   227791509
221516152   221646614
223186862   223316678
224814139   224950075
215866914   215983556
221236227   221379060
218761578   218904717
223508025   223635111
217851849   217975135
221847254   221973877
221576475   221721423
216606103   216730229
217019180   217144563
219935929   220060359
220373590   220495873
217100701   217223928
219627102   219759467
222045589   222169457
225483930   225620752
222927697   223062366
217371239   217514194
223586628   223722612
225320891   225457371
226825168   226952012
224444009   224572104
223366970   223498741
226738439   226871762
218310710   218437297
223134034   223270239
226096863   226227613
225924741   226044980
228267554   228404969
225517461   225663480
223821280   223949450
229117687   229279552
220070153   220192888
214416639   214545513
216950119   217076452
219013965   219145183
213001837   213138734
220181147   220316522
223587352   223705166
227033278   227159176
220318421   220442620
221418925   221547084
225755187   225891592
230790702   230927038
224863080   224990621
227290585   227421775
222358633   222495566
222758740   222885427
222603859   222732630
221359865   221476160
223123656   223260905
224121204   224266377
224842571   224986211
219420826   219538291
219156349   219289372
221152366   221277594
214444761   214584417
217171200   217298324
214963069   215098805
216014400   216188382
219998612   220125335
215893112   216022732
217652468   217779788
215370134   215516944
215052349   215184566
218815304   218960821
223604652   223736266
222028394   222154836
233663172   233808392
230671814   230815526
232787803   232932690
232053732   232210056
233687473   233812778
232116591   232254618
229370581   229513391
229869892   229994802
231494557   231634982
220312199   220451476
223150106   223284470
215668922   215832745
220321888   220437693
211647970   211773071
213848960   213967576
213584381   213715115
213574203   213696160
214432688   214563308
210682021   210805752
220776061   220902846
212708853   212825230
214371786   214518705
217038390   217165891
212553419   212686036
225087594   225231411
213109316   213259937
216728151   216876739
213748198   213885366
214638266   214761170
216404399   216531520
220004516   220125029
216633994   216751558
213831124   213966180
215472863   215599035
221405715   221526746
215110092   215239393
214472401   214597636
211090621   211257090
218996821   219113260
213843749   213967047
219742136   219884353
212143593   212317753
219393795   219520333
213644383   213768788
217761236   217885741
213472284   213616045
216928399   217081189
215904564   216023963
219789799   219914797
216650667   216790883
216690015   216821508
218847013   218967585
221147973   221275177
220469516   220606493
217409866   217540144
219674471   219791662
222383252   222519934
212385601   212508306
211310511   211459449
217017047   217152266
218378728   218515937
215576283   215700756
218412231   218546545
215406898   215558346
215326625   215439059
216104861   216239126
217298389   217429842
212659244   212783121
226115581   226231255
225414989   225546060
224877862   225003564
223926461   224058892
223082759   223233800
220285161   220410255
223121057   223249134
221460089   221590768
228857167   228983473
221477672   221613181
222785540   222913831
218026007   218151772
214546982   214670091
219060751   219183965
224137847   224264541
220804134   220929654
219038120   219178708
215533520   215674103
218490847   218620736
217090837   217214107
216031589   216158440
220185465   220320150
216005379   216150238
219536538   219661222
217676744   217798604
219834726   219965234
219517350   219642326
215970494   216112866
222406256   222534712
223384933   223514649
221056671   221177804
216642502   216782836
217052239   217185860
223387853   223514837
215336766   215460416
213467188   213594602
213817302   213944009
217449140   217574096
223752826   223882000
228406405   228529512
218969859   219096854
220316469   220436476
216231328   216367354
222588376   222726697
222998011   223140003
219872903   220006645
220122370   220247576
216782954   216918577
212734619   212859943
217835778   217960345
210951952   211072381
220221254   220376928
220793637   220913981
225780838   225920120
234524911   234660136
223980624   224108455
223861403   223992806
222355782   222504203
224839903   224975680
223471001   223592064
223152030   223276668
225275922   225423775
220034447   220172124
224309279   224444770
220997704   221122698
220981598   221116144
215598788   215713711
215370769   215522884
215941204   216068096
215473922   215622574
215629090   215755917
215937269   216075433
214454385   214592614
222337458   222474266
212267175   212404771
216100165   216218628
216255094   216396223
219662209   219781945
213929185   214044684
214887052   215019607
211387705   211518623
216988105   217107849
218663454   218809626
218353004   218507936
213910720   214052973
218628554   218750339
217501960   217640997
216086609   216212839
219147227   219264988
214461406   214602328
223070750   223200383
214976584   215102440
211424081   211556630
212493487   212623449
213780004   213911458
214756983   214907706
215223579   215372711
212993618   213107635
213916943   214081929
213012976   213135836
213824793   213979397
219550602   219713820
216670469   216831852
217991995   218115685
217407912   217535997
217906076   218031435
212806637   212928482
225282926   225415136
215586228   215731714
213491331   213623990
221884324   222014525
226023826   226145626
226349914   226474580
229014353   229137916
221317916   221451302
218458806   218587761
220931547   221078650
227664711   227807196
232611603   232741130
231518867   231646936
231638917   231778415
230477856   230609001
230755102   230884113
232120138   232247357
232540057   232669206
233467383   233617881
231281511   231403261
221594767   221722310
223434714   223572786
223453168   223586737
225519756   225663988
224140417   224291905
224157234   224286546
227776864   227902835
222386210   222531280
225855672   225984937
226997052   227126680
226652800   226792683
229899443   230023753
224285668   224408492
223274561   223421795
217876205   218002011
212901895   213025436
213420084   213548368
210583765   210706134
214069312   214192914
217472394   217592563
218276124   218401644
211977179   212098642
218082027   218207855
217670114   217791523
217036851   217165589
218652085   218777160
217518364   217648794
214988127   215110434
218052325   218195927
214392304   214522303
221825087   221966128
215673632   215796055
218289607   218414720
219064010   219176839
218309949   218462810
217720209   217836233
216753341   216891313
220187975   220330969
215431802   215560651
221761950   221894969
223977959   224108318
220106610   220240856
224357839   224481098
219111104   219236451
211450393   211623157
214135679   214281280
215333033   215480403
218807780   218942717
214424946   214553318
214779473   214907726
217054897   217176345
215630400   215752940
213816064   213947531
213768378   213895300
219419931   219554393
215915513   216037422
222115408   222241330
219149457   219282002
227364774   227491026
219032053   219153118
219336311   219460892
219309966   219426210
219096314   219218026
215698750   215834666
220123611   220257210
220907761   221041551
219688914   219823109
222544504   222664792
214285958   214403908
221762650   221878158
217957112   218087374
215516509   215664033
217429247   217560707
218595798   218745551
220999860   221124624
223991867   224115697
218172007   218292415
226392292   226527771
226278920   226404086
225498576   225624383
223955715   224078544
223061885   223180009
222083412   222212665
222028001   222150386
219490517   219615634
219750698   219877845
217935600   218063378
219727075   219864731
225586160   225713659
227021087   227159021
226854713   226968181
213737620   213861747
210531583   210663057
216696655   216825300
216035431   216170498
216371879   216488477
220564811   220695899
215675737   215797262
217277281   217419435
222970633   223121400
221901226   222034965
216965088   217127593
219194659   219314848
212354120   212481608
218083708   218227451
216241354   216391192
223247512   223368867
218183833   218315155
216788918   216916745
221369096   221513204
218883161   219004967
217354301   217482255
215265767   215390055
218737230   218861008
214963254   215103402
210956857   211086612
222888577   223010754
214650870   214767130
213293002   213409369
219266881   219395638
229097443   229221909
216452403   216580473
220119436   220265581
214406658   214536776
218158725   218281087
218415001   218557335
219733863   219849031
220895417   221024031
223417373   223532668
215246622   215366997
219790009   219921587
211845038   211990981
215172753   215309157
213651388   213793871
213021607   213151429
213612584   213742014
217336068   217472426
219859173   220007145
221972617   222118084
220457344   220584496
209410330   209535847
212365179   212488488
213860517   213987420
214023414   214149455
214199683   214315298
217180161   217296698
213721675   213857696
219847459   219974614
211625396   211746910
218332221   218459082
213003454   213149621
209532516   209652789
213501441   213648543
216568650   216704569
214699158   214814694
215473993   215588746
222600930   222724279
217618536   217769612
219226108   219371782
212172644   212321319
210504668   210623800
212387642   212501988
213722515   213849418
213518922   213639807
209360408   209484754
216717889   216853079
219173848   219292259
223587115   223722884
214361186   214475085
215507024   215639418
211281295   211413965
224299855   224437799
218789074   218913322
216496795   216617708
223125350   223249032
221479533   221641813
213109998   213236990
219447496   219590219
219052721   219189889
222479085   222601330
221423289   221577531
219504518   219625952
220266472   220419877
212028046   212142077
221939505   222059438
218327837   218453148
214834626   214982452
217256544   217394351
212083846   212203886
214068006   214210041
213078985   213209052
222893736   223008551
217193865   217319943
221561215   221676977
220047930   220192469
226263706   226384318
225729279   225861237
226692212   226819255
231992081   232121126
227199395   227330603
222348239   222471517
220094331   220235205
222420810   222550344
222554828   222684112
220505801   220636809
224440799   224567023
219460336   219582479
220658271   220770908
219834569   219961212
217340342   217457770
218256379   218392620
219294580   219424170
224984291   225115634
219685037   219825696
220568652   220695691
216648349   216782964
222387849   222513067
216269936   216391426
220837187   220950365
216980790   217122629
222180301   222311656
220335419   220466214
233792724   233940361
235960614   236090053
231058160   231197422
232105275   232237458
238471654   238623577
233602688   233726174
234026587   234157107
232531068   232657412
232368685   232488636
228910890   229037940
233580857   233725735
237122824   237245703
231193721   231322081
232856233   233003245
231986533   232133341
230540900   230677011
233434942   233574609
227317253   227450789
225567707   225694986
226948879   227078583
232793706   232919187
234708837   234847142
232664631   232804649
228327940   228460928
228273887   228399848
230386074   230523545
229407676   229532736
226606620   226744680
224419058   224553877
226418758   226543375
226197908   226335828
225157539   225289402
225037043   225157882
214172570   214314095
222075849   222200423
225715677   225866915
225523241   225652702
223779994   223909978
221381306   221513064
222918978   223059806
223350106   223477168
223694064   223834470
220280568   220401683
222430736   222557009
220690223   220816709
228163142   228290444
225074719   225208717
220045712   220186704
223870523   223990867
223844223   223980500
222248179   222366232
218275806   218411563
218417403   218553474
219150181   219275519
223298486   223421080
220809056   220948248
224265993   224396550
223110296   223234714
219235485   219356531
219638507   219798891
222629145   222747102
224629329   224778680
219910577   220032905
220342234   220496473
220918005   221044815
220444661   220572886
218358862   218481491
222037458   222173212
220548882   220687586
223420153   223546560
219484236   219623275
221433480   221549891
225197818   225321191
215846133   215969299
219189260   219331574
214238349   214357353
214554507   214682686
217575685   217698839
214856380   214984498
214819976   214951083
221595985   221736206
218268410   218387839
231102768   231226931
233060908   233180723
232653057   232784152
233683522   233800711
230505930   230639487
214605993   214722303
217402426   217562170
212196906   212329355
214977899   215143706
215630183   215747085
219937837   220072169
219220426   219345591
223042707   223166682
220076125   220223856
224739760   224867223
221067680   221191394
224809913   224929014
219439764   219564484
222145561   222277934
222063648   222173041
226935866   227064091
223225157   223354542
217470590   217611664
223437112   223562594
221906979   222048959
223774758   223892051
224310680   224440111
223612237   223742306
221020703   221149692
221016192   221143905
218533213   218659425
227564819   227684555
216856064   216999328
219126238   219245321
220612308   220760053
216903586   217058722
215309308   215439701
218287438   218442709
215199502   215322804
215334496   215463183
211455841   211573901
210241128   210375975
215330291   215485443
210617215   210741836
222067668   222207980
211452068   211581702
213975297   214119919
216822827   216955326
218300756   218425170
216352455   216472804
216040781   216168321
215223639   215349605
213968302   214095807
223099637   223248892
218658657   218790480
217545517   217670683
217676252   217798495
214882102   215004489
218405248   218540460
220852720   220979549
220637209   220764192
218861799   218979676
215264408   215382556
213006897   213134277
215048538   215188323
209872321   209990916
211105260   211234429
217485021   217634473
210807111   210947234
215703421   215826161
213452563   213592885
214290361   214424331
215707540   215833109
211771159   211925336
216478349   216596223
216930478   217048946
219055330   219181777
213318444   213444922
214871697   214993534
216064197   216188002
216183796   216308096
217852187   217979057
220185531   220310220
217461785   217586244
216823219   216948924
212159117   212279943
217642382   217790001
215558443   215693362
220314492   220425508
215077993   215203151
218120817   218261106
213401626   213535682
220106105   220233864
213850069   213978081
216284270   216413466
211159404   211318275
228555285   228682125
218092385   218224113
220257153   220392013
229527637   229662735
235773249   235913271
237515640   237643626
238068084   238196417
224271266   224403334
223016304   223147152
220329230   220454023
223894432   224019980
221698966   221835561
228047630   228174036
223481954   223608617
221997436   222153007
222612417   222745983
228776843   228907426
234886840   235015374
233557063   233700305
231859569   232000740
231817316   231991721
231200329   231338120
231826223   231961074
234609173   234731061
232274311   232403947
231516047   231638414
228957062   229085700
223785817   223908938
232120158   232267707
224146593   224279545
224506535   224633859
224603271   224726989
226704190   226862051
224129456   224258078
229428405   229556831
223933004   224071252
225488706   225627692
224759925   224889516
225227857   225365551
225122211   225254668
226058274   226183520
218346840   221203608
216013919   216139743
214943541   215067540
227240063   227372030
211703014   211901065
213551321   213690799
213415755   213540924
211876343   211994120
214780746   214904087
216587314   216705466
209296368   209422156
217927698   218059602
220084639   220205000
220487470   220635322
222575747   222703701
215329552   215463239
218688184   218822701
216053850   216206577
219956175   220106738
217874539   218037027
219731462   219851739
219078003   219203096
216038422   216176143
219126590   219254195
218745896   218858111
220792146   220917453
212349260   212471996
217455336   217589991
221374760   221511835
212619711   212747133
220202352   220348254
213420702   213542945
222128829   222255542
217868040   217992108
222609269   222747765
219396129   219527317
220608212   220734079
215247018   215386270
218073809   218197685
217798522   217946386
214799910   214959173
216241181   216362485
216501761   216652744
214169952   214302051
228485079   228606255
217058342   217254681
214995994   215116049
224592886   224714625
217531592   217658210
222042855   222170054
225319358   225454053
221659543   221789604
220166495   220304121
218925481   219061551
214746687   214862620
218981474   219110098
216152143   216276620
227066082   227211516
223261819   223406008
222976864   223143031
225051563   225176014
220286535   220409770
223055435   223183044
220426389   220577982
224797987   224914645
218327636   218452064
221467755   221617627
221925107   222045181
222783649   222917635
219786192   219915699
219421489   219549141
220631772   220781810
227582136   227708751
221746851   221912252
221694361   221839037
218850133   218993279
221682926   221835214
223762666   223884805
228312801   228446488
224634431   224752900
217324197   217456749
223632941   223757061
219313081   219452392
222225266   222388734
223984126   224122948
220555375   220696738
222170668   222317069
216413502   216533679
220777439   220902218
222096728   222236777
226839315   226996269
215060929   215181801
217977600   218119371
221850819   221978358
218286309   218423399
219492287   219601335
219546525   219672757
217646800   217778613
221041830   221169507
212571603   212713918
214302087   214426822
226864090   226994434
215787067   215905149
219736855   219852920
212386739   212523908
217474568   217595298
222060354   222188997
234019878   234169722
234204177   234333446
230644201   230776057
234203904   234327666
221729285   221852868
215055781   215188947
212850534   212976974
215049646   215177294
214556137   214690283
219909002   220062786
212922621   213046761
225367082   225498394
209212986   209337472
210742371   210856600
214890631   215035452
211870575   211993010
218990816   219147402
215404419   215514771
216987738   217107665
215250399   215378761
215864886   215988501
215494928   215630763
219075341   219208189
219742953   219861890
218856817   218981984
214753526   214881159
215694709   215827889
218290726   218406465
223166878   223307017
233759677   233884813
232230699   232350261
236734746   236879542
236438501   236574398
235805293   235932772
235410617   235541105
233705861   233828947
230442118   230573948
220180189   220323341
224019011   224180555
224677459   224803517
220349296   220484631
225414521   225534718
229618404   229753317
224046684   224176276
216869992   217012109
220869776   220998357
217260686   217407520
221440735   221570114
217901701   218047386
220496463   220623521
224097210   224233871
224023478   224146138
218195549   218324284
222265704   222389593
225243827   225376017
222141745   222265275
221817728   221953331
221696733   221823652
220172591   220296090
219779853   219912606
228223066   228352087
220617408   220748525
222669139   222796159
217830539   217996204
225761020   225885948
225227165   225358815
228475573   228607923
226775941   226905618
226378868   226512936
219799506   219926437
223527474   223653265
226357404   226484419
229188307   229314588
222871832   223009198
223640799   223768966
227142964   227275467
222186695   222313136
221166307   221286609
223783828   223907073
220003446   220133416
221005929   221130502
215472617   215617475
226491482   226632796
233553004   233692068
234094090   234215139
236967325   237099427
231659163   231788095
231322812   231448141
235203025   235324746
231619283   231745318
235185545   235319885
230900577   231023033
233199477   233321868
217297629   217433041
224061517   224186950
222346246   222475165
223780630   223902811
215312570   215437864
218719266   218854284
216268409   216407922
219869915   220016093
215157315   215291412
218623993   218747097
226565026   226691168
227864372   228003302
230520519   230648960
230228065   230356731
230754803   230883633
232959622   233116360
232506622   232631887
233211228   233338388
233487830   233614377
236773391   236907181
231094719   231218002
229478797   229617719
232626406   232757377
229856768   229984460
230405298   230535196
232037561   232172560
232734350   232849840
233448207   233579397
228709459   228842447
233485374   233600105
225692362   225825437
227289692   227423623
226466742   226587578
222154362   222285290
228486210   228614093
223326753   223455710
224717289   224846525
223058426   223196100
229274660   229406467
223006210   223133293
220450883   220576814
226098549   226220034
225181053   225301148
222671381   222797129
221683732   221800923
222642228   222768435
223390218   223515353
221180201   221322024
223569553   223689878
224673950   224800989
221216827   221338430
219858185   219984001
219492728   219618459
228312713   228443644
227025189   227155464
224580368   224713945
226696332   226845436
223320158   223466375
227282362   227408219
223735978   223866917
227791513   227913663
227079186   227206137
222564755   222692436
228240849   228350459
221003958   221145312
219515990   219656088
213172533   213303229
221900407   222039218
221174404   221301339
216691351   216815524
223087602   223224325
218979414   219110478
220745437   220868136
219595827   219728749
221795287   221917438
219554650   219678916
220568387   220692249
221904946   222041977
223780894   223920506
219453963   219581499
227644403   227775931
221892188   222012118
227984731   228109458
219957907   220088297
222074931   222204421
221556089   221696071
221660402   221809094
224845230   224975134
225740765   225867419
219801847   219925435
223872216   223991945
218210935   218332498
222332396   222465586
220351403   220496018
222334780   222464700
227379938   227504282
221944595   222059900
225693122   225819946
214050009   214192254
215790820   215919797
215611976   215747033
211965638   212096785
212183701   212308112
222541435   222664416
211521840   211641075
214424369   214546278
209006430   209163436
220203110   220327871
217866231   218024027
217421188   217554754
223652986   223769226
218451204   218589429
215230930   215356683
213136869   213267435
213194031   213345957
220052798   220182671
217039577   217166763
212447214   212607536
214729344   214869491
217451491   217571634
216256007   216374918
230881692   231014253
215726389   215851781
213693784   213827575
211557055   211686087
213757154   213877453
214886778   215020991
217277728   217400409
214936149   215064269
218627516   218759720
214310162   214455861
213909896   214049806
217056604   217182183
219036068   219184360
222119263   222258344
218118694   218277063
218427433   218556165
216584248   216718081
220802326   220932326
217252420   217384870
216254694   216366752
216320452   216443622
216390784   216539857
212855858   213002552
221615230   221751228
222898003   223019216
215570048   215691396
217274322   217404587
214560569   214687782
212504084   212644309
211928005   212073975
216942028   217065519
219041070   219174718
216862540   216987001
213470891   213604435
211462150   211580865
209392064   209537194
212063744   212195817
211620248   211743952
214732888   214856567
210348449   210503659
212292559   212433039
216520918   216646305
217195562   217331355
214775804   214895179
216593343   216721243
218217402   218336270
220851742   220998682
221901216   222024639
223406507   223557484
217611375   217728692
225287818   225457259
220883246   221006416
222936916   223064830
223623537   223755892
246940236   247075452
246274987   246410311
232407751   232545897
226164347   226292058
225250753   225366671
221150160   221279520
222848825   222976185
217857433   217992166
218385455   218520731
224881953   225011416
220279532   220407470
223585317   223717760
224041334   224163807
224707175   224830871
222986731   225772611
218622326   218745108
218645558   218795576
220780602   220919403
223851830   223978127
218938639   219072743
224299358   224426742
226378124   226500083
226287071   226418009
225537197   225664438
223229340   223357356
223503026   223633093
227846962   227986871
222845059   222969828
223407629   223546363
225856157   225982488
220095041   220217786
224756176   224881067
229069561   229195440
228656324   228798781
224652112   224773232
228858665   228989409
224507051   224645485
224690740   224830171
219215624   219342297
218815498   218955280
218313086   218427845
225844835   225974175
217421576   217537944
223865255   223997430
214625901   214767115
214329331   214472935
210663301   210785335
221397356   221554078
223560397   223718257
215370062   215496359
216380815   216508787
215920239   216042091
218692712   218815588
213387340   213519180
217683684   217805612
219508077   219644764
221403104   221550730
219059216   219185571
217488972   217633943
212127113   212244575
215480255   215616348
211191567   211335971
215537772   215669039
212928057   213051081
213967625   214087740
222727277   222856787
210927030   211065060
217121670   217260485
214644293   214779182
220125812   220254212
217665282   217789993
213346964   213478387
219473916   219598956
213088287   213228563
222773705   222896356
216239251   216369524
215237554   215365562
215592656   215718585
213243099   213355597
217062620   217191736
213005528   213135644
213159733   213304632
214162413   214284666
215456746   215583809
214672500   214799385
211558065   211681848
209702125   209829796
214095086   214222811
215421422   215536804
213687796   213828237
218461394   218598926
220401842   220539926
214276146   214406042
219830229   220007450
213705171   213825490
217481767   217630899
213047726   213180068
207319594   207444127
217170611   217307469
217138028   217263810
211036203   211160633
218564472   218689726
212193233   212318601
214395057   214523662
217685535   217847754
215818843   215963259
221253360   221382704
217866759   218040262
217024673   217156760
216065755   216216335
219492699   219622760
216560606   216685346
223519828   223646038
216618975   216755645
211152286   211281812
218296902   218447350
216196061   216328769
217112463   217237700
217265014   217409971
213248976   213371760
222155587   222300283
216814199   216970641
217701903   217826597
223768601   223897157
226909139   227041425
227471933   227624652
225134238   225268205
228604901   228740334
224528753   224657044
224849349   224988308
223210327   223340587
224105647   224232700
227355847   227495425
224349564   224485010
223311284   223436811
216665116   216801285
230292643   230433999
222997689   223115907
222792088   222920921
226104452   226236409
223458822   223569634
221742365   221875730
226962848   227090486
223732474   223854597
224352269   224485880
223542928   223680963
220587009   220717284
219692200   219821742
219084913   219218493
219753345   219882321
221630686   221764262
222804310   222939526
224017584   224158327
225515071   225646613
225852619   225977330
219672109   219805709
217411615   217525413
223541754   223669697
218799124   218920261
225663061   225798534
221740686   221871343
224398714   224514313
221809412   221972593
221147945   221270504
214363332   214495074
218567477   218709715
219813640   219937247
219532713   219699264
224906465   225033985
218946306   219103563
220036890   220164371
212786044   212910224
214991426   215116518
216558823   216694198
214844562   214989405
218409771   218539066
215330571   215458175
211839749   211963106
211746820   211868167
219693952   219829906
216691138   216813013
221372637   221526990
215994955   216130364
217902856   218032146
216542535   216672651
230640689   230782771
229105006   229231848
231770249   231899980
230663911   230787570
229441281   229576040
214296347   214418128
212976228   213095862
215349340   215479500
213393753   213517378
212506612   212653882
210282217   210421518
210711960   210855669
216643266   216763689
209243198   209369885
209980714   210148043
214492243   214615122
211510248   211634082
213612156   213756690
216223252   216345838
215431767   215561504
223684283   223810083
216114010   216236708
217477609   217596472
218750462   218878818
226586538   226714550
223518683   223664045
231363381   231510931
222178353   222308791
223672720   223801296
224195591   224320751
221620200   221741882
221974933   222114540
223334605   223452773
221564704   221704387
221255199   221379422
215619364   215744739
219213281   219365417
223843564   224028343
224741708   224902574
221945354   222094689
218479025   218633744
222041983   222160082
215851307   216001953
222354859   222504997
213425937   213559060
217218328   217339749
212675818   212797027
221631547   221784607
213192745   213307615
213720057   213844710
216200054   216326127
215783939   215909010
220311257   220437537
215991020   216113964
216071042   216209940
218257064   218412031
219151853   219270492
215926974   216044196
218680521   218816333
218153953   218278130
217099326   217221167
217085248   217200795
215888157   216023193
218146850   218266407
216007354   216130536
215223686   215343619
215683228   215824060
213781819   213921780
222402033   222534628
218012852   218126367
217512561   217640458
226970471   227093849
216452845   216579359
216697324   216818086
217702147   217826213
224311980   224432950
212233762   212354407
215317096   215448070
217037037   217161637
215534224   215656117
215050244   215178911
218899342   219042779
219332975   219442508
218149001   218287587
217777913   217898790
215271290   215400586
216657336   216780216
216650900   216770693
219629799   219761268
217003040   217139353
212991918   213109262
215676532   215796168
217745366   217865266
216060232   216183668
221746070   221892730
210962218   211082752
214842492   214966922
217159109   217284951
221937166   222083881
213280757   213412369
215866992   216004549
216733562   216881587
221708576   221838989
218260691   218384322
223981457   224129512
219469985   219609585
221761326   221892218
213255148   213392968
220117809   220241006
215819712   215949192
213123416   213272386
221320660   221494598
217883798   218026699
221621116   221743558
218553790   218678699
217709643   217832515
217788268   217909405
213870405   213993575
211676343   211810707
213493010   213614120
213978048   214141559
221512072   221631925
214668000   214790226
218937274   219062450
212428439   212560246
217576240   217716561
215998406   216127989
211978141   212109714
217060798   217197088
212917638   213056798
216405033   216536125
211073912   211218123
213437913   213561577
211724278   211844709
219540658   219668672
221327730   221458420
220412032   220537269
224535962   224682161
222645550   222775519
221206077   221340958
228953019   229098983
227415732   227570106
225382729   225510739
225795607   225919506
226338364   226464695
226777433   226905685
223382173   223508514
223406204   223542930
219917983   220030382
223480644   223617399
224129468   224250672
222489671   222614108
221596444   221726251
221831774   221953568
218360118   218482714
214100333   214258577
217414525   217533485
217052624   217189069
222612449   222743799
219773758   219907975
222622478   222744456
220220611   220357241
220831956   220954389
222209828   222336180
218616354   218742480
220212839   220362028
218853474   218996522
220091422   220218873
217074112   217193941
217624337   217749964
224549420   224669423
216897929   217023905
219954091   220091779
222315272   222437270
223783966   223923532
230551908   230685428
221576275   221727324
216998531   217116452
217288335   217436165
211536697   211665493
223988494   224117402
214224627   214346820
216356623   216491305
219312750   219437292
218361164   218495975
213690167   213817232
214604796   214733608
211999409   212133390
217937943   218064700
216145646   216278394
218050311   218172412
221912100   222047207
219163438   219290520
219383913   219506947
220895149   221023255
219542921   219698784
231041392   231165645
231132022   231269711
233958203   234087390
231313602   231465125
220433439   220560902
221686395   221807020
221250509   221394243
219675009   219808947
217653682   217808190
221424437   221553494
214815463   214941846
221105842   221237472
227760272   227911739
213335235   213450564
224583887   224715910
215586471   215717610
215337550   215474581
214586868   214708860
218262317   218410089
221241312   221368699
218666581   218791681
213614943   213730972
214809323   217510760
219014222   219128494
214262823   214387681
216224584   216378919
218169876   218306142
217607330   217745282
217892392   218030829
217362990   217498788
225065725   225191936
219107869   219226548
217368643   217496669
221020493   221148826
233766923   233901469
241431302   241551390
238096567   238229470
221988174   222116072
226795329   226919038
227297005   227421772
221014650   221160956
222553338   222683947
220968220   221087396
222160234   222280507
221221181   221395799
215192402   215354287
220929075   221078211
219979423   220090182
217330720   217481862
216853755   216988149
216274589   216418092
216089862   216225153
218111553   218249200
217666403   217794090
228157860   228310298
234710536   234849478
234805421   234935786
233484709   233610641
232340470   232470823
234130700   234264253
232750347   232872913
234870946   234986216
233329364   233466691
237717193   237844217
219643203   219780254
217708031   217834023
219299583   219438699
213796341   213923748
223006069   223116000
218771576   218893555
215315745   215435223
219966267   220094231
221132075   221256355
219664903   219790852
212738985   212861709
215957467   216083182
219395669   219514707
223702096   223830922
215802612   215942570
214799823   214934415
224534195   224691871
214225523   214348622
216022123   216143562
210785967   210912814
214675986   214832371
218127326   218250178
217870390   217994903
223718789   223855127
218086921   218235218
221161416   221288554
218900705   219013691
216986628   217120854
217852456   217990213
216069357   216210184
217677499   217806254
217585647   217736349
221885166   222010285
224442851   224577245
215824434   215940302
215927958   216050105
214769352   214886704
212747834   212900980
221350077   221486869
223288757   223411835
214620509   214761005
219040326   219166544
222506977   222636256
213039334   213161873
214011246   214133291
211888508   212013146
215692442   215819802
219246284   219402601
221698010   221824953
221772074   221893305
227663222   227798688
232262870   232384565
233231022   233359833
233228755   233365992
232011286   232167221
232289242   232420741
230124415   230248315
233215777   233333415
231516024   231658733
231018993   231161676
232440980   232578226
215755941   215879485
210158282   210277596
220730283   220849057
214295136   214417932
209956805   210083557
216536354   216671049
210408337   210535167
211862780   211984732
211877541   212012921
214356555   214506613
216907318   217041771
220567221   220701917
218490102   218610463
221819388   221940651
222369629   222515421
219084205   219235197
222854521   222979136
222651342   222776338
220813748   220940389
214949620   215084153
213665108   213800896
222573989   222716412
219147238   219274271
224382041   224504880
216381504   216506524
221000679   221126758
216793310   216922328
213508128   213646296
219628180   219781610
218835360   218964391
219590769   219725168
216877557   217006433
220005432   220154914
219078148   219209897
222408102   222538517
220222983   220354186
221986595   222112247
216044060   216199175
218267516   218394582
226430971   226555619
223595246   223730807
228113417   228242371
222277777   222410394
224793212   224921892
231945523   232088023
224733456   224857526
215193350   215320843
214117142   214236230
218514370   218651498
215332040   215463812
219625880   219761000
221868825   222021878
217225657   217348096
225780577   225920194
221033268   221174062
216963800   217080161
222324410   222481581
216166980   216293655
214356540   214483620
216083529   216205792
214007170   214144027
220303369   220452837
216539121   216659704
222134887   222271878
220602196   220773419
216070707   216194724
222494351   222617406
215183235   215340606
213003927   213127024
218918694   219068007
214488798   214612859
220602416   220746310
217910384   218058845
219231450   219352667
216068984   216196307
221079450   221203984
213542516   213677582
213653902   213786866
218473052   218603806
218171881   218299083
226948700   227089462
226925686   227059638
222214228   222342312
225399345   225526955
224470932   224629054
220880872   221001414
219102478   219249640
219784629   219908107
217902059   218029225
217817303   217944651
219303190   219419994
225781176   228551190
220713161   220854809
221943999   222072352
221448069   221593651
221839385   221970311
221476529   221607473
223999606   224133550
225506236   225634090
225050439   225175084
221848855   221969553
227745605   227901362
223846390   223965791
219736376   219866966
218784314   218915653
224674455   224802337
221081620   221207404
225159906   225314195
224094033   224221290
226451531   226587937
227317303   227450671
237894347   238023407
229656673   229790496
232566759   232695884
225757494   225882736
228553656   228694715
223792903   223916532
226769416   226909280
229863133   229991750
230990614   231116124
233153561   233295991
237071492   237201850
235262470   235403006
234015658   234147141
231436109   231593327
231616864   231742391
233010290   233143834
230153252   230288178
232057062   232174546
233624578   233754588
232858619   232986159
233450433   233582758
231276202   231420580
227966344   228098944
227741261   227876390
225314592   225445353
227134827   227259958
220608079   220750798
224474912   224604636
224852245   224991112
225592549   225720819
222665421   222786482
227205144   227399338
219259529   219391589
222682304   222813387
221856358   221982175
223885789   224019464
223999624   224125914
228001135   228144246
226780977   226901690
229530986   229683600
221829748   221965508
230976044   231102182
220676284   220798978
206698400   206822360
221885365   222006137
220308201   220439468
215601886   215731299
212504934   212632413
215116555   215247308
216550497   216677782
218304870   218456815
214819033   214955475
214374939   214503475
218418491   218541174
215688324   215816552
213933093   214048342
215076156   215207043
214142163   214278056
217279813   217412679
220052657   220179050
213824870   213978649
218715385   218837705
221674724   221809112
216467806   216609520
218337426   218478751
214156412   214318300
214035806   214185201
214416533   214542848
216370364   216527653
214687932   214813443
214829032   214984800
217270661   217396525
218495115   218615277
220390485   220544837
216529867   216647602
224045214   224165316
216725804   216851361
220366482   220495072
214660726   214798525
227454526   227593300
217657877   217769251
213598811   213723100
210124261   210283083
214214904   214368046
213260621   213383664
217977054   218115931
217108039   217258963
225716618   225837714
217977323   218113157
215008123   215134875
213611072   213779952
217782265   217903471
228360874   228489325
234271897   234404284
236471454   236596709
235463143   235587746
235796214   235933792
233824532   233946737
233422410   233554667
237432763   237567776
236631364   236760095
235945408   236080700
225010774   225129385
223299449   223434731
228230257   228362601
227962434   228098247
229294661   229418965
227796961   227946923
228115139   228247570
230908709   231038395
228120230   228251220
227484679   227636303
235512446   235659667
223360775   223491277
222292239   222459372
222523100   222649318
221835072   221973881
223582522   223732998
221924869   222056063
225574759   225700327
226676709   226830882
224776488   224919021
224536993   224658382
222698072   222826309
223441274   223565333
222938345   223065312
221972119   222113227
216102057   216225669
221708725   221841740
224795980   224933057
220420194   220547127
220085840   220213454
217831837   217953582
220300056   220426475
222496028   222639746
228042975   228178920
222255908   222385274
219648818   219767314
223011226   223148485
219058716   219182822
226382053   226510964
228872303   229031574
224342966   224474723
219867972   220010428
223902287   224027267
222979882   223115274
230675320   230811611
218180039   218313171
221240208   221363612
215541349   215663743
214372381   214496537
218805026   218925529
216318033   216441447
221780141   221907454
218206443   218332263
218340691   218453326
218122033   218246798
212649033   212774229
214603670   214734451
224540911   224686704
213690969   213812375
218154072   218308333
232941832   233081834
231556357   231677944
232625730   232778605
230234104   230371014
222435463   222566783
217814282   217951833
212700238   212854072
210377893   210498801
220833060   220984437
216266115   216419779
218070976   218198052
217117385   217252679
223356050   223484579
221017266   221152149
224537788   224665987
224620090   224766310
223642836   223778505
217873018   218001267
218820242   218966921
218006084   218139209
216146372   216273219
223933558   224055507
217208658   217335413
219106190   219236991
221468925   221605424
219047779   219175333
223686631   223803502
221002000   221135165
221478255   221614110
221384476   221496018
221955731   222077293
218535261   218677588
221097003   221228165
226689704   226818041
219972720   220100436
222414579   222539792
220531235   220665084
237746559   237882107
246190259   246324812
240658698   240804967
224825026   224952169
226780074   226909922
223981886   224131536
224033726   224168971
223357755   223490520
228358788   228501384
222738680   222892106
224418724   224545178
221061053   221189122
219767902   219897326
219462808   219612116
222842015   222973291
218553726   218678240
218575315   218723093
222401388   222535839
222794330   222930785
223552170   223698811
225443561   225560160
223321487   223466556
221299673   221431182
214768095   214904255
215750415   215878531
226204287   226330743
217854549   217984339
221807822   221932435
222714777   222847972
226395124   226527829
222174260   222305575
219545126   219675931
224019055   224148124
225588219   225713137
225946433   226085156
227197439   227324576
225166620   225318857
224115753   224248182
222784405   222933522
225301874   225439023
232010919   232142448
219542930   219667541
218566743   218727778
218109148   218231956
223960605   224085249
217971065   218103580
219972226   220112635
217967118   218115725
216985278   217113236
216962710   217085379
214024441   214152220
215019326   215140960
216180729   216343598
212316280   212430537
218494137   218627598
220217958   220352009
220856700   220992893
221026213   221141639
217175821   217298344
213054019   213211200
220044587   220182403
218069562   218208423
221270015   221393976
213235025   213371268
216030680   216146191
220973106   221098739
215276908   215426284
220944474   221081499
226025583   226154942
224759116   224885819
218936087   219075083
222546781   222688366
221369664   221502940
211612223   211739452
218952448   219091041
218832195   218957013
215974613   216111247
216852218   216980909
211888572   212033873
219885283   220016355
212894981   213020866
217468878   217597228
208021222   208164972
211880382   212017352
221272399   221410654
211000984   211126871
219100221   219235290
222823183   222948024
217112713   217230597
216690321   216821773
211688523   211822471
212083778   212206003
212304109   212456255
215027197   215148671
209345391   209493239
218517857   218644146
215868976   216008293
211009954   211134923
216583055   216720325
220494355   220630864
222770171   222919262
217828008   217947750
217002525   217133026
216372576   216533303
211278639   211406196
216289987   216417317
216998262   217146331
219188326   219310130
216594244   216718044
215436651   215561533
217690193   217818757
218182334   218305649
217621107   217742506
216302398   216425343
220873279   221028431
217641332   217753928
216977134   217115209
215836782   215974726
222455607   222574461
232923936   233076400
232264327   232386201
233335016   233463081
309584264   309707874
256453271   256586408
233309391   233442531
231247107   231391288
233017247   233146767
226669476   226804659
214337420   214465380
219645532   219768457
224512490   224664068
234128021   234273469
235195355   235308288
233226271   233353246
232558503   232685414
233663373   233802480
230632815   230763505
231768496   231896131
230167144   230303564
238927844   239059364
228657256   228791944
229875509   230013579
227063168   227196024
222850973   222971091
223560428   223692111
229148286   229267821
226746991   226863585
233757014   233890397
227232135   227353873
224392003   224516456
227984602   228107242
226009278   226150525
225039643   225169560
222752421   222891163
224188626   224308269
226681357   226797639
220535263   220671644
227664206   227791476
215287991   215435504
218483193   218625891
218342029   218459679
220306106   220437472
221652203   221782815
227717190   227857095
229434443   229572792
214103270   214226701
221303513   221426404
221298652   221440010
217919921   218046109
222552992   222685770
223530071   223655816
224583666   224728111
222196386   222320473
224208244   224328182
225773070   225912454
224845467   224970568
222807808   222935505
216746817   216868906
220672353   220797651
219697974   219837628
221156340   221288419
223346697   223480449
220849341   220988873
219197162   219354996
219541953   219674364
219023604   219178421
216148627   216290693
217938785   218063205
211909635   212061330
214886883   215012139
223712048   223851435
214845886   214972048
218013588   218161986
216392452   216522223
215409410   215547355
212644750   212785939
217929684   218050511
226840350   226981321
219187085   219314160
220050069   220166158
226636387   226764586
232924481   233049579
233475341   233598662
228752639   228891189
230886711   231031731
235901562   236039344
234690197   234821024
234766563   234901215
234957437   235085538
235326252   235455709
236020226   236142798
234512073   234649116
233648598   233770727
235230311   235367242
222197636   222340863
222181565   222323280
224831955   224956062
225458911   225586454
221191470   221374708
226940991   227074996
227412940   227541588
228611727   228743665
225309553   225453733
225449427   225575271
223330191   223455962
227864913   227982979
225474568   225598808
226138923   226261023
218627286   218760680
217727488   217868695
222676306   222811408
214051074   214176189
211945873   212106803
210143087   210289279
221048332   221186645
219340071   219469156
217895654   218024324
219373960   219498857
213203658   213330155
215502370   215627664
212263239   212394315
216184838   216306794
212692372   212829586
215041281   215177925
219721941   219849069
216649900   216774022
220914061   221079822
221481900   221618801
214546081   214671397
214662046   214800544
213690242   213823183
214135484   214286346
223545507   223676316
216847658   216989122
220336805   220459601
221812128   221960357
223232804   223368139
225496845   225631101
218085616   218210022
212864844   213023240
219324592   219449610
222252460   222379843
222376275   222517871
218895819   219022915
218900143   219047444
219022886   219150159
222312670   222444811
215544425   215697399
217509847   217636840
222061408   222235375
217657821   217797551
222231466   222371191
221667850   221786635
216207308   216334316
214718836   214865635
219316697   219444494
219450323   219593953
216828673   216951850
229828751   229949914
216119933   216258582
221694953   221810937
215890086   216053620
219451265   219584951
212875619   213008046
209991469   210138369
213615379   213734199
224362696   224489350
229908282   230042811
232409206   232566337
232312607   232442658
230071904   230192796
232517992   232638883
