226246835   226782322
228163012   228552320
235153755   235360438
215027640   215700244
225923096   226175357
229910280   230160598
219171280   219396516
224143090   224388195
217889019   218130683
225512159   225771361
221032964   221247695
220169979   220603974
223349063   223568827
225461705   226165512
220764413   222047679
218177866   218362104
225223122   225551838
219687326   219910545
222296773   222526788
221086304   221266527
230083978   230279268
216050434   216236582
225884656   226822883
221700169   221886415
222467830   222655210
224861739   225087771
227768544   228137511
246550043   248220773
236658059   236839798
236110723   236301809
236929767   237117586
225602968   225803493
224757350   224955107
222787779   222968650
222496976   222682646
227793231   227997792
230212489   230406342
225222861   225408576
219302687   219489528
222763650   222947581
231424057   231609516
220047712   220265366
220415331   220608374
221120712   221490965
226003635   226202259
246291859   246491086
222536301   222754091
215639894   215846061
219256118   219445589
218806442   218997123
218628438   218813610
234433738   234609199
214245267   214414465
219163584   219873683
214739409   214927704
221345187   222265552
216915168   217090833
218714407   219107852
230050856   230257947
238435474   238835892
260684740   261003363
235946260   236144258
234693907   234890799
234845962   235049123
234795154   234976452
252342624   253118090
239247326   239530209
240387596   240685093
232217914   232393360
234441375   234621921
229212324   229403548
226921326   227126705
238546240   238726626
227285156   227465593
222918916   223113381
227137052   227449535
228750475   229065568
233566523   233913550
225415745   225607029
226593886   226780170
252162020   252965482
229646576   229837474
228241988   228416098
228469534   228658574
234053558   234420006
235590079   235796831
225387311   225568654
227836005   228022097
218444551   218656009
216093637   217134026
218654689   218829160
214073642   214259028
220902758   221221624
219580163   219761601
222890547   223073070
221616447   221800089
222993024   223174746
228941777   229141765
222471020   222675400
222650814   222838350
228043665   228366378
227932548   228124736
214758272   214956476
228538921   228727639
241673843   242606967
266172347   266353298
225333589   225531500
221888765   222075065
220881679   221059392
223352606   223534449
225910930   226297666
222227253   222413901
222577509   222760281
219661813   219829005
221424836   221598748
221689116   221894298
227274849   227606526
219783605   220002407
216960863   217140894
217638386   217832972
223340000   223664268
252794921   254006972
225234684   225537380
228090003   228435272
217343877   217547820
215080294   215264485
213802356   213988845
220293589   220590232
220435599   220749845
216014931   216195189
221425027   221609186
222461571   222651583
219439089   219607963
216091223   216302955
218621955   218831206
219762743   219954090
218199861   218401356
220513904   220698545
223066974   223253742
221741810   221931662
215797961   215994838
219833267   220026089
220795996   220988653
223370928   223551783
214281231   214506730
223863123   224059814
221522405   221725024
214340454   214527259
221938260   222157442
213989524   214206235
216963144   217122966
212141835   212316607
222106973   222441332
218599005   218806951
212886627   213084668
253384723   254690783
219860508   220803626
216507204   216685774
216546910   216729533
233823802   235420174
215933482   216125967
214233053   214410670
218724747   218937100
224208798   224499396
216593362   216770308
215367088   215561919
221780979   223202927
220619784   220946861
221675161   221984416
223151412   223359792
214020436   214205646
214154622   214330563
210630333   210847169
221279073   221466204
219835420   220017626
220308238   220668968
218709001   218892396
218127997   218319829
222306234   222582833
238643946   238868792
216581565   216767437
213850945   214040052
214970070   215149912
221350806   221673834
216260544   216437614
221020123   221214834
220144788   220360992
250393246   250753256
220387655   220644734
217391384   217575897
223122734   223304560
232498497   232713374
235750281   236040954
237329865   237640113
231841391   232035477
234103242   234295793
238056389   238378050
231212946   231399543
230240916   230430849
251646528   251836801
232146317   232321196
227890467   228064843
228711606   228904322
225562346   225873888
226005047   226192626
257894212   258091230
226282939   226466645
227654358   227845809
226711023   226918034
224116231   224312475
228570580   228752912
223098255   223304573
224012623   224191740
229988934   230354249
225843004   226029506
229553332   229743680
223326480   223504387
228218468   228418913
218994158   219206249
226384506   226572268
228905172   229116068
236277162   236475724
237142251   237325342
233036891   233233811
253041016   257674926
251049085   251354962
236914675   237098334
235978119   236161368
234726146   234922631
232651977   232832019
238136673   238503412
232938723   233128038
226865516   227676425
229698406   229886154
236071511   236936416
233180980   233460798
234675179   234863761
260906298   261096387
232133174   232311614
238350376   238654547
235959369   236158623
232789142   232980377
237203639   237381847
248325988   248512609
234032724   234316737
225244874   225582239
235021910   235341259
230040416   230266327
229272871   229574267
236206365   236486089
232953435   233249924
231221349   231539964
306334052   306568540
233619580   234075205
228769721   228958179
226007333   226192966
229271970   229456512
228249573   228439014
224130095   224311618
222705890   222889348
223879966   224063503
229819192   230094988
216891532   217067417
227487288   227774710
222664672   222847674
227236807   227433996
229283948   229469120
221256410   221459184
227361188   227560895
233422309   233707256
222347847   222530284
228537116   228730446
225916718   226117286
229175002   229452014
225623340   225797754
227779989   227973157
233989273   234327171
230648192   230818484
226901174   227178050
227583934   227781370
227205037   227406097
228941486   229126257
224309247   224497209
237384255   237577893
234710228   234900621
236411795   236602237
236237793   236419876
238859762   239141303
229975237   230177613
220790640   220980526
239559716   239844541
237211915   237401887
237053335   237247415
237371851   237578522
238305560   238500186
229156172   229344785
229628978   229946353
339272632   339576831
283134735   283327944
256412894   256600364
234582242   234893749
227474012   227664109
241605413   241887531
242210491   242405970
225385003   225627272
223799658   223991299
228929102   229120327
237990372   238320090
232747857   232943967
233952473   234143393
231836812   232018166
269697121   269888323
233877028   234056345
234106771   234607540
235915875   236169681
238551969   238735099
236870643   237161900
239631495   239907690
238328260   238520246
242596343   242883017
236100788   236284680
238149171   238431251
239609849   239899192
235064991   235266301
236473162   236665310
237633611   237809546
238613820   238815979
240988313   241177099
241196097   241510936
236163138   236354874
238375603   238562272
236072193   236354857
234348631   234630770
238818755   239105148
230811020   230999701
226892260   227083653
228198750   228403494
228705799   228914678
264296370   264492628
228042873   228224308
235689573   235978646
232232786   232929827
221161962   221341668
234871674   235063023
230516006   230867229
230152538   230360013
230569806   230766301
230668302   230845377
234671520   234939545
221751033   221930429
219694717   219874758
215866519   216041677
214013041   214794844
221986345   222270104
218491887   218720610
224690221   224903365
219283774   219458037
220946669   221122220
222729050   222920195
219454847   219635791
222556762   222739239
228493380   228801488
220504140   220684394
218083443   218257877
252691105   253622777
222228325   222432368
235140955   236616376
226498784   226759360
223985158   224159834
224387681   224580695
238673935   239258593
230678045   230997538
226086229   226393765
227371879   227656148
218716119   218897556
219248080   219514057
214316441   214504350
226679055   227003070
221272896   221449680
212779012   212993776
223354904   223585097
217217894   217464293
241543060   242268640
220012363   220162086
221514923   221756083
216856141   217017010
225461314   225754623
218763787   219016240
218026972   218182825
215594314   215791445
219777864   219938669
225278682   225470431
221647204   221926118
224466724   224641897
223033395   223190747
213403165   213560075
227891852   228060839
226963942   227129856
234318822   234620776
228413484   228689622
224819389   224974138
224505120   224691723
225304459   225506663
227866595   228056609
228371890   228550695
222810254   222975244
222947053   223115530
226485685   226662657
222883079   223057762
229613376   229800492
230384101   230654878
225188073   225374158
228498449   228751706
223282704   223439881
223266562   223426174
228032297   228207726
228200534   228476451
224468607   224623584
227019145   227302423
222005954   222167240
225551613   225738997
221312844   221507782
236083827   236238326
225113280   225298021
232149797   232441501
227283233   227532083
220177005   220344169
217614713   217770165
223292742   223448892
228738903   228902807
223896218   224050324
255621520   255796346
220915745   221073708
252346721   253178044
224616452   224797585
222747272   222912417
222760717   222937869
224184987   224358725
217898694   218052724
221094563   221250666
224587971   224746609
225513507   225693603
222659943   222818952
226791755   227100422
222471903   222662845
219974232   220133425
221436729   221604790
223619391   223778783
224570853   224726499
230674506   230942296
223919434   224088843
222738502   222905199
223236636   223400154
222363195   222524752
224027972   224220036
230643849   230911863
231025900   231290020
225618273   225780503
215077943   215250517
220868238   221129204
224878265   225051695
221597672   221760420
213563308   213728941
213586393   213749344
217173583   217334544
239769876   242962634
225860179   226006876
223385498   223741442
221377488   221539924
222634279   222902082
243401308   246291862
253289366   253440800
220893509   221213860
228059017   228294874
237179601   237770366
225442974   225599494
222993185   223335610
219197104   219357066
232646190   232828458
234149134   234337715
234755256   234912429
234396171   234573102
237245776   237416273
230771294   230946029
224131776   224306890
212188724   212352063
218751053   218898892
219150720   219317353
222538515   222706804
219147838   219306162
217436684   217688050
222187961   222435548
216263350   216455917
234867188   235367575
215099300   215259734
223169172   223328447
223814246   224058228
219217302   219373679
222990798   223161545
219554104   219713106
217247292   217400918
217834329   217995762
245311541   246031796
214888499   215055957
217288321   217440994
220272114   220541017
234029917   234194721
224231329   224410292
247523046   248182948
217561793   217734598
218520483   218685744
221015791   221176014
216258983   216423864
221361291   221527430
222806501   222963231
215597027   215760537
216359366   216534392
215455824   215611055
222562967   222840752
224454579   224709869
221066279   221213942
250998202   251737273
264622338   264811791
228845865   229091861
226839307   227000117
225331229   225508504
230127894   230280698
251301068   252139200
232779377   233060341
220702012   220851752
228884973   229155960
225518332   225689973
244043204   244207537
230887296   231140688
222323941   222505725
233122789   233283115
222061726   222268340
225821308   225989973
223066407   223232307
226961414   227120686
225352889   225594054
224334612   224492612
225046787   225201164
227288842   227442705
222143759   222297064
226919809   227095457
232525807   232802376
227482241   227731423
232103787   232263350
230032271   230304365
225192131   225441235
224125148   224290427
223575499   223738674
237762419   238014601
231009154   231171982
236469669   236721024
242366540   242542630
237398079   237554514
225552122   225705860
230813858   231061540
231565939   231724502
258386614   259094044
232481305   232721668
231380262   231658772
223176795   223331486
228767585   229016535
228667154   228924595
227341873   227494553
223837793   224003080
228214459   228381146
231502247   231765927
229309360   229551292
229291957   229542920
222627103   222799605
233180075   233474437
223524153   223672895
225444706   225604312
223760099   223925501
228737115   228984823
242307204   242550329
225705232   225854677
220659973   220817199
224260457   224442572
225576190   225740936
223571537   223753138
221330738   221490235
222447665   222612395
217568908   217749693
220304993   220493398
226573535   226848606
224402084   224564426
239485303   239744216
222299508   222458452
227473814   227642584
220331770   220493489
224227826   224404423
218587461   218744534
218834378   218989953
220498059   220662200
225776466   225938451
232682727   232850783
236155371   236318848
237399127   237649755
234034686   234280857
235011617   235175737
234101860   234258706
233217831   233471126
235187975   235372981
233014561   233182931
233432143   233610604
234780894   235026715
239390116   239658070
236871056   237109727
233080927   233238715
221113547   221276747
225049869   225200921
234111864   234351855
245880533   246429571
227896192   228069891
230384397   230634177
228141520   228387543
253980891   254724613
230219639   230461558
225941889   226109175
233129530   233384012
229439705   229604488
234517561   234771562
223282017   223459298
229333547   229566395
232098781   232334650
228296471   228538075
225794307   225959503
227841770   228070967
223371505   223553460
238839357   239107619
225344588   225521822
224540931   224806426
226223481   226374164
220400419   220559695
228395260   228693373
225555945   225716267
224200406   224429266
231957878   232201104
224350513   224514280
227823838   228070045
222569671   222740049
220826962   220981381
219967636   220132191
219041255   219193176
219486527   219646263
223003859   223267280
220920598   221167363
215276139   215428140
220475163   220631523
334148611   334344736
222022516   222235570
223331612   223489749
227739453   228040429
228361487   228623870
226370255   226633652
230008809   230270122
231888582   232044946
215881851   216048306
223160478   223346717
238584634   239091909
215687612   215836997
218356255   218533791
251864237   252137016
219732020   219887279
218911137   219094321
221928219   222108947
226057299   226295847
221619447   221790179
224234800   224491501
218102189   218252776
219975087   220255390
227991914   228242114
217913050   218085540
281007473   281167488
223685209   223840602
217104855   217281986
220599309   220778377
216867205   217021439
231390212   231552601
231130098   231311228
236876178   237126104
230988944   231158060
234454966   234620540
230186277   230352332
215483501   215647108
216709052   216963638
212611361   212768293
219470955   219637394
218706887   218871298
211858896   212018795
211608253   211770657
214058129   214206782
214245684   214418359
221670575   221966943
216413969   216593108
217193833   217343827
222650261   222827219
221315965   221583664
220988048   221218260
215174457   215329032
215933481   216127558
220378424   220548433
215069197   215251402
215699863   215872529
220921784   221155088
233945419   234477636
224054962   224222136
221071021   221247802
221543869   221698096
221918017   222167936
222228482   222393148
219352051   219500713
217081452   217252952
221862044   222028704
221893898   222065114
216757030   216930336
220680763   220855907
217924798   218091417
222123020   222354738
225597208   225766775
225312549   225564280
226939116   227116842
220043611   220203807
220833098   220989352
221872482   222058206
221375695   221620467
223727567   223917125
212850912   213026916
221943263   222111231
213288678   213436901
217405995   217579634
218924031   219130693
221284941   221456264
219438048   219601368
221717056   221984074
221233149   221390923
213020066   213177030
219100978   219275830
220317616   220561333
214543407   214707871
221510743   221671299
219301139   219454762
222722440   222884346
214344998   214499661
221223819   221379497
216924451   217083732
220077135   220226286
219492874   219662702
226823772   227069820
221531270   221684353
219116058   219367946
215233757   215425354
248045162   248803935
216252793   216422227
223810376   224064985
221811124   222066451
238707539   239021319
238263347   238423457
233158800   233322154
218240592   218389789
213041760   213203808
223050294   223291543
215588070   215739417
216250745   216414840
220956668   221124619
218949304   219181108
216810671   216970979
213330616   213485604
216778098   216954985
212276558   212445658
219213359   219441850
215208237   215375997
220810979   221060166
219359933   219546502
222433726   222669850
216620124   216777221
226885153   227186888
213284822   213442934
219281654   219454706
217741772   217983549
216688262   216845218
216420202   216603310
221257039   221416543
223703310   223871019
220904167   221054992
218256220   218421931
222091495   222337029
217803640   217966078
218312137   218564603
227170276   227414276
225941715   226231045
226011874   226265336
224591081   224833589
211479147   211657530
223982532   224219550
224947062   225240321
216136226   216294460
221968125   222131489
219667299   219894699
215592480   215749461
222470763   222651157
213193930   213460582
221274934   221567066
209078213   209249308
220492005   220674211
214522865   214752078
214593418   215236654
218224741   218384494
209840753   209996621
219897879   220061888
220300673   220477563
220589181   220763019
221306036   221543173
220437930   220596189
226409618   238547436
242827022   242987236
237723375   237878504
239701594   239863065
263393037   263696233
221506761   221692081
221071634   221232838
223453278   223713076
224398147   224570191
219547110   219717535
222950879   223120092
222950949   223109366
229374902   229608504
227723715   227911349
220939951   221112188
223151023   223316296
221792529   221945865
228272370   228436997
228529522   228782689
217351534   217511881
217874345   218046320
217135122   217290297
221034938   221234141
221254675   225057684
243404174   243565300
222108700   222431882
217260615   217430490
217733471   217896512
225298206   225464432
274110330   274281299
224450907   224600635
227799814   228046494
221630400   221874265
217305846   217461199
218511694   218661865
220986299   221224258
227041346   227297048
221586467   221738137
221604628   221756921
225098103   225284218
223729468   223910620
228087586   228250885
221549872   221737758
221727405   221885452
224720470   224883211
219925974   220094940
222066575   222322707
219503359   219667176
223621991   223773173
219903535   220050991
219061976   219212783
218041873   218214847
218218468   218366658
220888479   221050762
226392255   226551864
221279237   221525480
216444412   216604535
211787924   211958274
220363659   220592040
219936557   220093119
231055023   231281732
215163551   215313738
224430798   224672416
219547932   219715253
216656682   216893898
214898763   215062306
213447553   213601660
215727641   215895290
217025194   217197105
220254250   220414469
224658847   224924490
243553251   243719271
244968459   245501205
220728986   220891783
219757887   220016383
222802541   223048233
218561513   218719893
219895296   220205516
214103144   214255949
220626122   220816934
221651413   221884428
219748215   219910940
224311631   224573550
222322272   222600464
220406351   220609449
216728316   216911383
214676442   214840220
222338638   222569006
223306303   223553103
214098079   214253398
219048170   219200623
215565147   215731643
227606474   227876568
217500858   217656631
219790244   219940855
222696445   222918543
214386635   214570159
216783373   216957198
466455487   466621874
310227785   310375784
216412344   216555319
218768566   218978417
245722089   246514222
221196612   221378561
217748442   217914707
218002312   218158724
225386720   225610269
220715868   220947770
217069871   217245077
217879552   218074868
217528600   217688922
219316205   219464640
224397492   224643985
229895500   230164575
220706857   220868970
220917777   221084254
223755923   223906211
222090501   222232198
214609567   214756770
220814588   221027393
216630917   216804334
224508526   224701617
212547907   212759531
221521293   221706893
237308791   237881142
220460597   220709473
219376992   219546741
216216530   216401725
221602591   221757540
221605249   221840645
224408962   224634721
220820361   220989313
218752912   218943302
221713179   221864482
222303200   222488135
214405544   214563584
211601124   211762395
220522459   220696965
219386142   219539349
224786228   224948735
214560218   214721650
217083282   217249975
219769638   219983926
225129056   225361758
216794485   216960320
213015387   213186390
214684598   214877394
222456739   222620472
228772817   228935373
252157805   252681305
239691002   239933446
233171453   233357218
227315245   227468783
229989909   230175636
229185138   229348295
233165830   233331912
233322387   233496828
233142661   233303718
234126949   234290820
233223260   233385536
231219759   231363352
225168772   225423070
224710056   224865186
224858302   225041064
238749157   238896273
255271900   255994519
225036206   225222696
227477760   227641016
224828493   225003886
224919673   225080587
227214413   227376537
226385169   226555703
231055683   231219940
230115446   230268971
228938366   229092232
229175738   229421052
219953853   220108018
222164279   222314448
226171434   226319404
220984918   221147765
227641655   227802404
228008360   228253691
243363258   243836793
224370284   224528556
223078669   223249366
227085452   227336972
220253618   220403835
217796012   217951670
224611570   224769755
223984418   224135958
223631668   223819677
238415238   238581723
226607634   226825438
225892404   226117086
226122615   226277648
237770954   237939879
221036670   221219787
219252535   219415846
219440242   219604105
230557480   230796229
222183225   222337338
226564830   226763107
221425503   221590995
219017534   219170624
226697305   226920392
232947518   233188515
225564497   225808854
222442803   222598337
226547104   226708084
221848449   222015870
219819514   219995239
222248761   222403572
227765406   227919235
217913053   218089158
221398142   221558207
223578114   223801700
219145448   219384335
224833897   224991197
219242791   219415847
214703475   214853869
214240169   214402381
220147304   220300134
219486075   219646173
247771353   248498588
217646560   217793457
214693110   214840773
221639576   221799823
222218838   222362472
218279663   218452697
214783497   214937842
222306934   222513001
218521521   218675387
220547352   220727621
216377686   216563544
218792439   218945393
219874350   220038815
214247092   214485998
219309851   219466614
212528493   212693964
224457277   224619158
221674039   221899750
222151858   222373217
220905904   221061895
230979368   231135449
239071762   239314811
230635789   230796608
229150164   229321659
233405722   233645377
227163633   227415064
221780574   221935923
253592363   253778415
225607027   225770006
221858024   222080936
220706349   220893084
218560117   218733632
214350665   214510660
216296132   216462290
222123968   222271003
215776266   216020038
216365580   216530106
224761225   225023399
218772782   218942568
225855561   226008930
217318981   217485357
223458197   223655106
223307874   223456597
228281791   228510809
239501318   239753639
229130752   229297073
265483815   265649945
229359525   229518000
226250188   226489407
223459493   223620378
220546869   220719429
219474054   219638837
218632726   218789444
223493046   223655295
251324954   252017028
222871848   223037721
226320886   226499235
217041028   217202673
220033597   220205966
219484430   219652856
221420646   221581837
222519407   222683608
228959356   229204402
219106663   219264598
218128056   218337733
217936320   218086237
216060671   216220651
218911783   219082627
215202211   215346104
217479376   217705222
221822720   222003034
220912399   221068479
254272197   254439975
215172524   215346480
219227955   219416299
218748591   218924447
223402479   223568647
233344683   233518719
237564484   237724223
240316579   240483724
234694264   234847371
244001300   244287423
236773248   236938938
236610586   236766321
242634665   242917223
236661052   236836791
237888139   238130468
235907705   236070894
234254546   234440088
234330597   234572130
224526255   224693784
232499269   232657465
228727996   228894851
229420619   229573412
222548190   222712190
222602322   222824114
224592939   224821913
215900022   216051354
223053956   223276843
220077198   220316084
218026519   218259896
216453378   216606377
217570449   217753824
221037093   221215431
217211082   217373225
257174146   257658120
224308802   224461685
236068345   236393990
219166740   219326843
224337829   224508395
221579945   221736252
223980484   224138302
225737499   225889985
227810758   228064879
228887131   229129054
225882779   226040390
231107217   231335538
224344624   224513335
225246472   225443155
227017580   227265166
223007257   223174622
223465311   223684848
256640805   257344251
227247861   227484197
222644622   222799068
226172140   226321684
227063224   227230902
230563746   230794377
220019778   220185205
219906656   220073191
224985177   225211209
217524378   217689539
220124762   220294094
228062437   228287726
230966088   231264499
228258063   228488775
221309219   221494823
223520699   223680240
224141167   224301515
223769542   223930643
223140162   223303434
226057134   226304982
222708866   222880838
222449568   222618279
223665776   223828138
221843360   222025297
223997492   224232089
225919941   226096352
219601856   219783170
232281746   232512885
231649285   231933449
217439091   217613708
220675468   220839231
221167630   221322342
217926686   218073088
220324615   220593345
221997043   222154127
226648561   226963466
218296682   218455366
220925653   221079818
217712311   217868020
214726391   214889604
220056673   220208690
218336522   218563033
224285765   224532061
224607243   226042008
220891817   221348652
224033676   224264939
213098060   213252947
240955782   241540122
236613257   237102294
223434467   223587671
231951497   232134980
230368405   230549698
237758106   238014556
231641237   231787162
228748037   228909876
230292584   230450470
231763113   231958720
224522385   224815245
225155146   225387339
218512967   218673450
217514736   217689837
219911438   220071736
219339310   219491984
219614682   219767655
217383610   217554565
215014334   215190486
212323370   212478189
218980884   219128826
217580647   217802298
216062260   216225522
216804432   216958618
215606664   215773742
216963272   217113848
215551568   215715700
214169906   214323805
221874738   222114707
220417530   220583054
224988160   225145370
219287923   219479085
218735302   218920578
221692588   221841659
219880137   220043124
221887406   222058545
225825755   225986261
222597308   222766126
226836074   227002708
221998696   222171056
223096431   223351457
220525284   220676274
226913941   227138038
223992027   224233123
224075880   224319397
220403320   220556171
220489306   220645661
227495709   227728182
218762348   218936678
218964773   219135535
217876318   218038028
219492353   219646733
224623465   224842291
217886132   218045560
216405360   216576155
218531898   218698755
224153179   224383653
217651932   217813850
217838496   218064534
218023895   218200642
216473214   216666407
228608184   228768572
259985326   260738919
264739904   264909850
231260310   231501865
231329496   231495429
255615745   256185236
231085628   231241400
231875633   232037613
238672591   238827391
233292493   233454625
232286440   232441628
231188163   231343861
234875106   235113339
234759240   234975971
230795877   230958970
232505771   232661451
229542348   229700482
231919377   232080066
221369749   221590583
216136470   216319499
212956326   213117771
221529249   221682127
213752335   213917723
213661445   213824103
217277006   217508425
211721541   211882405
216337369   216487378
216721704   216971276
215261379   215407997
216423950   216650177
219586122   219746582
218301775   218558244
219354952   219588502
212351902   212522479
212049103   212196565
217167760   217312568
226049906   226202222
222548606   222702750
226679488   226916969
227272193   227513856
226351561   226507660
227178549   227344758
222891591   223062243
217945756   218168509
213627896   213792400
217243088   217402946
223580769   223802382
216064857   216249344
216966291   217125253
221559830   221719553
220209782   220376866
223466678   223639078
224718646   224884430
254130398   254703349
218556593   218713111
228473949   228637864
223547084   223709503
225171628   225324644
227928995   228149974
224782020   224938878
218894217   219038019
215402243   215559408
217925395   218159880
222373322   222527640
222686088   222846415
225900474   226067920
231929776   232195677
221026881   221183639
223023877   223178358
224115904   224355723
217995762   218161333
225526905   225700805
224695643   224922064
220735065   220884834
220475473   220650805
219831996   219985639
228503649   228773688
235348784   235505618
228580574   228746947
223998315   224227342
230341980   230576414
241196554   241351619
245574831   245833550
238248733   238407279
237111248   237284601
222367919   222519516
227070774   227300648
220214469   220373571
221249266   221414201
223393336   223632987
224026130   224180541
225003095   225160160
224705305   224862334
225780512   225958227
219564839   219718639
227048581   227210878
226002242   226232978
229046163   229220181
225735949   225966792
222743513   222905330
217056595   217219539
225179308   225397050
219560366   219742588
215871290   216026326
215485215   215642279
221739634   221968004
217444526   217648668
229255245   229404438
218838934   219007953
222385277   222532728
213269349   213429139
228010428   228156679
212000536   212157728
228368632   228650339
217311288   217483003
218698523   218883166
222605582   222764692
222275539   222449037
219784972   219946652
246096242   247294020
225329036   225484617
225552784   225706072
230887518   231074146
254157232   254868290
224834363   224987947
226452820   226681363
227723145   227942089
227053562   227226537
227577727   227738686
229699954   229868698
230953028   231192663
225336056   225522305
224888588   225058764
224579808   224745762
226799810   226961367
246482472   247002862
236205117   236369381
236165406   236312698
231730633   231892115
242924095   243208444
233141730   233305606
233713888   233867522
229718961   229872884
232891008   233036285
231350412   231510481
233235037   233400476
231268186   231441474
231223146   231390920
228212127   228366292
222163626   222338846
216448197   216611048
231155046   231379566
224593911   224747655
225935025   226098992
227106641   227257655
223490574   223684876
218962075   219130384
219693019   219851627
215961819   216146051
219881579   220034669
222749390   222988656
224810789   225063314
221182029   221408816
220632882   220864226
217623049   217803906
215884897   216036213
219330220   219516726
221968036   222220767
222736917   222899529
219348632   219521295
218757423   218910866
222340637   222571369
220457883   220622380
216808455   216988179
228694852   228938816
223819381   224076317
219405616   219619891
215992951   216179751
217938443   218189566
216796870   216945266
217529674   217691212
247723961   248453524
215377603   215532608
218250875   218475259
219743750   219904459
222006370   222221809
222606732   222777795
215475378   215629550
223303302   223499993
217273466   217464485
217205380   217362280
225663165   225828102
215982296   216136999
217589696   217741464
215128882   215281756
211993193   212146928
219984576   220209606
226810225   227041090
218910844   219061332
244163507   244404677
222387558   222542122
221807425   221978519
219980809   220224650
215804771   215974134
216606802   216782011
213030925   213209175
215145988   215301527
219501321   219664048
245631454   246170790
223404912   223577329
227386907   227624575
220690526   220842985
218672050   218842388
223068111   223233105
217429063   217574484
221211717   221416316
218467688   218645336
215381608   215620435
222824157   222984874
215442276   215602427
221009683   221188620
225656866   225891167
219442152   219595448
221508737   221671042
228357543   228633933
223346378   223512617
222748869   222906571
220343141   220497044
213378003   213560729
239331231   239855164
222928304   223086380
223604142   223779506
217498864   217655705
218966148   219214037
223273452   223540195
218099162   218301078
217094634   217263643
215218412   215378788
214181427   214335118
217008534   217164894
218256168   218423890
247093955   247795444
223764841   224008619
220943823   221103620
219348808   219576945
223162830   223335468
209617199   209781185
226952780   227178747
233949461   234143206
218607173   218792303
215278331   215456110
217248429   217409793
219201008   219357182
212232636   212381272
222244026   222408915
215947354   216119112
221564343   221798305
218924900   219085731
216729987   216904996
216713035   216890102
216583351   216746770
225141469   225387497
219051723   219278374
221108371   221295716
224516573   224731172
215803788   215974238
215337885   215499728
217067700   217236929
220570910   220728255
214639305   214788303
218124260   218284684
218136820   218289256
213808444   213985086
214144958   214291118
215491252   215642690
219010733   219174032
215605872   215763483
235435120   235663838
217080071   217233624
221123784   221277246
228683055   228984296
221519408   221683235
222746160   222909518
221194549   221364558
219036655   219214458
220198150   220364606
224524711   224690896
230871547   231021890
225970187   226133710
225893945   226061311
228616340   228773856
233127685   233372545
225500741   225662382
229200722   229431826
227526294   227670895
226543216   226719253
226075955   226231555
232564099   232805160
230540744   230693657
230376649   230545056
225291651   225526391
221738411   221906890
216736086   216893127
217207266   217358553
215758680   215913097
218298097   218448855
220772683   220957889
219879371   220049762
227466876   227636309
225622996   225796344
227713453   227876956
227376375   227603462
229004165   229222525
223480091   223665758
224196476   224355661
221791203   221967013
221488146   221663656
219758005   219909382
218166177   218327092
225048861   225201841
228105367   228269146
232507605   232769554
221600876   221755443
223864221   224020237
229351947   229582770
223636964   223782063
223361483   223521152
219170091   219335525
221571057   221726031
220592113   220746155
219919051   220099338
220694306   220856686
226536971   226688684
223852902   224024609
223093317   223256241
226938055   227098258
219697308   219858744
221241986   221390805
219029175   219182133
226512199   226682383
219814330   219962934
225630949   225853349
225224057   225407148
230092461   230324706
227540151   227707692
241282836   241783113
225517761   225680888
224952948   225139250
231626325   231790202
230508906   230673893
253200574   253712346
234853614   235025234
236328075   236556160
235391844   235619791
223848424   224018197
219772834   219941559
225211374   225378269
231631037   231787112
227914134   228070226
225284448   225447798
227949786   228127268
227766127   227937802
244594643   245089534
222352282   222513459
237025318   237224231
225929670   226096699
227611034   227774375
222939240   223125693
218708310   218865506
222167317   222347939
232659702   232829596
231882825   232046308
232511402   232668015
262110898   262805796
229406206   229563170
232827423   233052587
223559399   223717336
220105695   220257864
222472078   222637028
226265705   226508533
223688664   223854578
225719759   225873153
222359377   222547168
225997569   226231895
227293975   227457526
226209400   226370602
225907042   226066546
230724705   230874366
230219273   230483034
227083738   227236750
223938654   224102036
226222850   226388571
228253719   228406209
225273025   225451825
223443208   223596742
226042922   226197168
231989156   232222802
236000805   236242531
227714130   227940864
227004637   227159988
227132979   227281584
225829795   225999712
222615316   222760239
220903639   221063754
223321945   223502140
231895992   232051983
230185685   230432141
221316321   221466440
219505703   219677152
223111549   223265683
217328772   217489874
214581702   214728790
216189497   216346831
212723520   212870810
215263487   215438646
217688565   217863398
219400710   219568601
219982851   220156198
220277260   220492583
221537034   221765748
217898287   218051086
220455579   220667329
218645610   218822075
223035252   223258522
217171333   217336153
218784248   218936026
219642065   219880397
218421530   218670169
217708209   217938158
216709769   216885871
214308730   214489327
221610805   221756993
216167599   216322814
213606489   213759105
215163317   215314127
213847464   214017511
219886548   220045060
223486249   223631936
215094314   215241172
214197141   214348909
211565116   211713378
213266533   213415771
215395922   215545811
215093801   215234561
219458686   219667259
213261398   213454649
218644034   218878713
220233816   220390594
219292766   219467472
218744669   218902905
217515810   217667723
218662263   218881527
216517594   216687170
219572506   219794892
220471553   220642935
222386754   222556868
214338237   214501342
213984766   214163899
214012940   214182405
223359257   223516482
216729533   216883855
215173063   215318593
218639925   218868161
215150569   215313226
218750050   218986791
219809744   219953568
219203576   219392929
215169335   215323571
215495232   215664328
221667574   221824473
217997429   218171457
217906833   218067999
221688240   221916733
215796188   215941174
213087228   213277008
212598308   212751671
220105503   220315138
216424425   216586863
214993611   215144002
213004589   213187193
212968127   213124209
215073768   215225963
214485918   214632687
215296303   215459470
210110817   210266234
214501067   214667169
216624248   216769842
216540433   216698481
216250476   216415196
213357892   213529845
211443097   211602471
243285941   244014822
220664826   220824387
209916697   210060834
215467002   215640455
215059540   215207291
221637431   221800890
221146296   221368110
216802657   216949124
213055035   213201640
224237711   224480092
225401165   225613254
215292654   215476426
212993154   213159691
222000811   222154483
222234911   222462170
217851024   218015663
211782159   211930002
213519153   213673338
211898621   212047257
212066662   212209788
214843466   215008876
216719143   216860717
221842588   222000979
225153066   225318428
251692113   252242886
232271183   232737480
213591534   213750036
212250622   212412968
213515838   213674182
219874864   220036177
215944811   216144489
214203416   214373709
214648122   214817428
221975283   222149082
218488470   218651410
212471211   212633595
216767451   216996670
218338943   218496523
245426197   257126386
222558530   222732011
219406294   219568424
217757977   217914092
218528034   218713827
216066760   216231706
217250494   217411553
213860050   214021398
216266241   216481615
209615819   209796880
219657229   219941590
221342179   221511107
213208161   213362157
221246641   221420107
220602763   220791731
220925683   221079679
217356524   217522920
222785020   222947725
223978703   224136731
221173753   221324373
217418315   217586309
218905175   219135054
214567156   214731052
218705864   218864732
222661909   222834357
223790935   224037591
227136421   227411001
215702668   215881592
215155052   215342922
216527868   216690104
213660753   213848496
218010775   218187075
217079907   217227287
221607250   221837677
240225560   240928447
217666850   217881614
222374785   222621876
215656702   215882829
224766963   224994849
220386460   220547557
225256325   225474342
213436830   213612659
219451283   219693841
213837962   214077063
216008130   216227035
214677355   214826334
214518452   214671751
238139503   238371417
209096635   209239491
209691152   209851568
224413368   224667668
216980485   217158685
216259294   216424643
208941459   209091522
212003196   212164237
215334077   215509969
217720854   217931743
216776455   216956997
218557247   218821726
214241385   214407919
218144584   218358785
212880347   213023914
234993207   235492737
220445219   220593471
216939001   217095768
213794466   213944175
213976404   214141195
218785342   219008397
225318729   225564712
217820112   218000936
219682345   219916749
230193357   230336730
212868007   213023734
215607714   215776705
219962895   220130345
217276114   217437777
219784179   220004887
220009666   220188402
216846485   217016102
219548285   219785578
210586932   210756184
218364076   218563528
218148422   218308602
222256887   222415079
222640154   222811030
222534433   222721953
227258694   227419278
219494294   219652915
221234464   221387027
219545307   219693140
224131377   224292405
237711704   237873777
239657284   239829677
241829889   241998653
242124894   242292298
243563104   243736145
223976463   224150190
221120202   221275922
215561697   215715068
219283521   219493451
217002616   217163393
224635375   224788312
222032472   222198175
226431312   226615979
223813139   223965913
221188021   221337976
219337045   219495738
221657058   221816092
225846058   226070269
222951896   223114503
226454250   226628188
233867956   234085118
234088974   234256892
232596126   232752052
233117973   233283811
237881488   238101707
237324980   237571449
232445971   232598909
238440123   238665425
235920297   236081041
232734519   232881303
241262175   241499537
234663218   234835409
233457390   233622049
220327323   220491641
224360241   224527457
233512076   233736043
220964638   221117203
222619535   222783713
230331827   230489903
224608512   224772725
222370551   222534012
259419344   260105198
225969521   226139254
229998973   230224456
230016524   230240060
225044914   225196695
229049483   229212863
228241931   228408259
264069022   264603169
231504835   231730253
229124795   229343900
222793862   222957274
220757847   220924520
224044714   224196847
226055016   226287255
223922355   224081234
231677819   231850998
236727529   236893846
223084861   223247549
224453300   224612979
227980169   228158598
225556339   225771826
223858676   224012150
222212289   222362546
233729593   233970671
223154466   223327140
224218566   224385340
229817675   230095779
273192799   273353616
231067735   231365292
223171183   223328865
220560981   220757727
221046171   221210813
227794826   227953336
225517270   225671271
229104838   229263067
222491403   222661933
221837367   222007985
228342841   228577434
218476029   218642118
227635151   227868981
220066604   220243863
228600350   228829441
297104885   297273206
226418467   226651716
228269380   228449239
223302034   223457526
224543434   224734000
225150854   225308655
224550387   224713049
220134403   220295893
220555070   220710521
220271934   220436072
230086989   230334677
221258795   221437926
221021877   221175120
217626825   217784896
219344432   219506775
226863715   227087100
223051537   223214778
224618843   224783278
227335407   227562447
227294826   227515135
223076771   223246414
226910273   227083387
227148516   227314068
223138800   223298975
220981387   221127549
223878784   224043636
226521317   226752505
225142679   225318467
220369527   220538198
221249030   221409395
221502252   221732011
215149903   215314593
221384422   221577421
215991355   216204155
232688429   232965903
215522417   215675563
219788533   219949477
219257771   219423684
217965501   218141338
216645688   216793224
212476568   212647743
219461922   219618754
214095611   214240608
226424512   226681873
219516140   219669715
218368733   218528835
217226134   217388775
218250216   218419468
223513730   223685421
220643388   220818283
216482769   216643706
217841093   218089995
221058219   221264283
224003898   224215048
229904175   230061136
230921452   231096547
237489018   237737695
235230515   235389890
237735150   237908045
236259768   236425163
224561573   224702579
229348222   229503099
217328215   217473795
214479055   214644989
213678961   213822810
215133471   215297046
226421226   226653371
212085833   212238560
212634750   212793297
210040078   210227235
217530471   217697535
217701256   217848494
219065548   219294546
214478841   214664949
218107472   218330774
241392443   242762640
213162409   213317883
224597954   224770748
222884960   223114246
214353127   214527648
223127353   223300936
213461331   213637091
215456377   215643343
216239272   216401662
221206225   221358594
217522058   217763147
214104603   214263627
215927728   216071162
245668159   246324832
224303761   224446728
217083812   217240259
213768569   213947797
214065464   214218224
215985086   216155453
218102554   218276430
217094995   217337504
220349777   220573823
211720896   211870704
217652908   217799854
214715045   214893575
215481149   215634172
214840450   215079154
213431201   213584635
211314564   211483297
215000085   215151608
223853912   224069264
218574814   218802726
215804170   215962455
214147398   214310445
217270331   217437341
213729535   213898577
219733368   219877615
232756496   232904864
221229754   221454475
219692570   219879188
217499076   217725351
234474196   234959371
252660265   253351315
216900723   217061864
215153278   215318172
212371888   212529051
213568350   213722068
218709592   218952939
221897478   222048820
209914724   210083691
222301077   222531451
212617143   212785696
213449653   213612938
215681457   215845946
214542177   214705920
216589849   216732054
214583675   214800333
213073677   213222089
212210978   212396834
217541334   217694613
222225160   222401487
226100409   226264262
225846927   226070452
217727297   217877266
214625223   214787951
216827678   216975959
217528010   217774407
209197988   209360301
209081254   209239947
223529591   223848157
217254945   217411487
224151463   224391713
216480960   216688009
209142287   209298213
217140319   217361744
213338168   213488198
217015638   217179494
225074563   225313143
222227870   222404487
315361755   315528641
217096114   217269729
215095360   215256307
219321829   219484458
211888716   212052935
214552645   214723856
212565523   212717988
214923487   215146898
216158393   216331888
213483561   213649399
225033499   225306099
209617663   209789015
212151354   212312512
228778373   229231607
221347744   221496822
216481643   216634419
217354033   217519659
248180090   251078672
455747587   455985913
450500462   450733476
427689441   427914206
212659648   212804303
215964389   216127151
224668887   224833488
223489651   223744824
217807350   217975670
222242965   222465574
221182518   221353941
230141666   230355814
233198745   233707499
228012394   228158742
232539263   233046377
220139258   220282413
233686263   233920138
228615774   228755643
228501797   228645222
220427513   220573130
217729487   217896472
222824946   222966836
221808040   221971036
225575959   225738318
218534843   218680139
216118785   216264564
219014065   219152031
223580327   223800114
222492228   222697113
217374052   217518763
222616416   222875247
210732164   210870819
215859051   216010889
212286209   212447256
212403259   212553991
221836636   221991282
216424628   216564587
212669484   212819425
207342155   207485341
211429565   211572894
221540685   221683175
213225277   213380222
215039638   215220814
215465066   218267538
218170116   218356287
219006278   219197320
233473540   233655539
235425953   235564323
235795468   236000177
238008124   238209469
232731208   232875111
232368491   232529218
228965361   229108021
228221766   228366685
230603525   230809415
226738633   226883564
228676794   228821571
231625954   231768768
231353137   231591604
222758821   222901471
219622725   219782461
214691362   214831781
229858273   230089103
220799673   220943695
221211454   221387763
223595621   223755421
230446966   230657704
228437438   228615248
225115433   225269881
223920223   224062567
222325968   222472868
225614686   225757319
225230812   225451923
224129856   224284571
221461626   221620412
225199689   225407799
220651000   220794954
222426600   222590327
215508366   215661081
220935263   221152358
222879009   223019754
221891567   222052749
221291630   221432092
217294178   217442457
214106360   214250832
219852558   219999845
224123022   224276111
223016309   223165789
224159703   224310783
219334642   219490414
221188018   221384944
228464593   228704862
220880974   221044503
228208560   228409612
225898178   226103249
227522420   227664505
221059432   221207998
222929263   223101483
225670900   225824011
223271267   223418245
217604256   217751191
222644000   222790194
224435791   224597856
225666264   225803733
221923322   222088268
212528022   212685275
222370550   222508478
222850915   223023536
216773769   216941385
219552139   219696618
226616230   226826443
223941928   224143291
227841508   228006163
223313942   223487643
218287023   218460418
218474346   218691605
215033134   215234849
214394965   214544937
224118723   224318964
220837451   220993024
252958667   253634548
220510738   220660095
228422598   228610099
221828786   221972361
222193689   222334518
221350349   221506687
223389397   223546633
224522895   224752321
227779114   227925706
237263798   237477313
232402925   232545567
233352457   233495502
231488053   231634496
239287353   239485168
222755510   222907075
226885824   227022945
214158224   214290598
214994569   215152426
218015150   218207519
217121927   217343923
237060449   237505872
214091889   214239856
221340137   221472816
216676352   216808933
229720598   229857777
215899472   216034506
215167930   215331665
215052341   215196459
216885910   217059946
220740808   220958187
224108132   224244690
219264421   219470996
211639489   211780444
217644920   217859625
220716564   220861390
213373979   213516447
213458700   213608971
216681615   216831433
218878471   219071815
227448480   227593240
218523301   218728053
211967403   212113342
219084474   219297131
220636428   220779594
210294163   210467649
215902300   216037811
210822311   211003619
217533394   217674607
215569461   215788396
215332864   215479975
216253593   216396449
215437216   215596339
220609306   220762513
218932102   219142268
219755411   219891395
217529863   217681951
216851477   217003638
213183932   213350838
221043714   221246133
219793465   219945315
218026992   218173136
222787994   222929647
213808587   213958562
214735590   214872273
215048573   215202061
216307271   216447875
219800619   219944997
220854203   221100158
215080715   215258856
217004397   217167245
215283582   215462542
220615507   220758927
215177016   215316615
215253375   215400023
212870600   213015536
217440697   217637751
210694514   210843437
225569457   225789971
216324900   216475611
212026300   212160775
213062798   213204540
211864086   212021269
216348692   216491407
217188154   217325344
213478294   213617680
217041184   217186363
218663110   218878014
219819664   220045191
213613187   213756104
232495707   232704619
214687702   214845624
234732413   235160236
213959814   214101170
217140648   217293604
211481493   211633970
221843232   222060377
230698292   230994691
211600616   211796217
216211276   216388255
213132576   213283154
220116132   220323323
222736572   222879731
220068516   226167298
225745351   226035360
222524258   222779740
243067854   243599397
219240225   219383986
218198638   218336637
212805797   212939199
217736462   217887479
214510413   214653297
222507651   222752696
213537226   213696385
245623004   246189750
219409657   219575416
218020209   218174277
215670360   215826532
246503965   247148241
217931510   218086900
215739195   215954362
214351051   214516445
212805548   212983092
217661130   217806119
220103901   220242295
215822311   215978221
221514348   221665871
215814040   216030859
211533156   211692383
210336810   210500349
210397361   210539067
221236935   221447561
247920483   248558205
222974483   223142894
220353972   220506407
230476410   230675875
223543776   223694044
220984211   221159233
222138287   222305001
228546734   228747872
219579902   219747675
222092152   222284298
221096413   221251693
227015497   227222584
214419250   214559877
224794284   225014951
224201821   224349804
221511423   221657337
227930747   228135980
222146632   222325205
222092457   222247607
230069406   230273201
222497260   222654675
220601730   220757472
214620191   214838439
219402040   219571761
220567698   220707862
224163143   224308481
221063490   221205304
222179680   222372342
225291008   225515917
219705354   219855684
230016164   230191757
227051694   227194067
238250431   238402123
231920677   232070221
231199234   231355182
221672611   221825169
223135510   223274817
224195049   224337391
220923984   221075902
224095930   224242167
219048076   219193887
219073954   219227762
222883409   223027843
223939500   224080902
222433174   222574764
224341154   224568542
221070598   221225561
227492965   227709897
226398221   226551138
216428482   216563686
217696138   217840226
212356632   212510000
217497409   217637946
214708627   214880634
221167133   221415141
220193173   220362510
216890962   217035052
214853853   214994009
216318935   216476120
216277147   216440588
239334137   239789689
225122610   225334139
218055301   218255790
217719286   217859368
218462905   218663114
217714512   217920374
215892872   216031669
223070475   223209238
216064481   216228239
219209350   219401658
234298019   234498321
225620030   225780031
232357181   232498054
230269473   230431570
236890965   237119509
233195849   233337415
232419827   232559543
231859028   232014496
229848357   229988659
233825907   233961074
231639819   236363005
230951435   231116512
230325827   230487574
241213369   241387270
222627157   222766567
219942186   220077787
210097052   210237401
220455207   220658880
215619798   215765378
213469924   213613540
224253582   224474215
211611758   211747603
221856826   222011565
232443134   232852873
213879564   214023461
217059550   217253811
213725917   213869333
233712754   234127738
222592972   222801880
223616676   223816560
216940765   217115076
214411483   214564316
216859925   217005498
217374422   217525498
214429740   214583079
211647177   211798807
221671299   221806591
216281434   216496811
257331438   257481858
214266752   214408450
221293130   221505599
220032386   220167487
222321412   222586619
222099477   222310909
225738252   226035954
220456029   220592038
222718314   222925070
225151605   225298495
215631308   215768996
221803469   221967859
218812014   218957806
222516147   222712827
220890197   221033252
219922764   220079666
228041430   228259193
221214490   221366737
223016708   223171688
223755951   223923897
221677934   221850385
223862815   224018811
222867933   223018927
218543918   218697413
220140871   220280486
226626923   226777509
252374285   252994774
225338246   225476884
219654914   219814899
225251851   225412898
229017468   229214161
221300150   221444641
226562342   226777879
219090860   219231012
220387455   220527421
227456032   227666630
231716468   231921717
232802713   232948452
228047731   228199908
230293045   230442096
227597038   227758284
230674039   230883916
225539602   225695266
222634210   222798932
226302984   226447074
224843648   224982807
233347811   233561620
224141905   224295524
231496185   231704870
224589217   224733285
220441713   220598606
229383455   229523380
225525487   225731450
228613124   228809452
225394823   225572265
230209434   230410766
232439299   232637359
232589908   232803947
226697277   226836696
230329054   230554958
225639504   225786759
227597613   227824671
228422724   228562266
231931019   232117424
227582106   227726600
226001524   226167386
233414131   233667332
228462674   228677995
220794142   220927750
235086476   235346778
222719831   222858898
223031364   223192935
222831423   222994274
227960493   228109015
222321846   222461655
221877330   222024136
226051447   226253046
218102792   218250382
231048402   231296395
220047071   220206115
222627953   222774480
223105479   223253225
223928406   224085142
221620219   221770148
224312487   224469750
227281047   227443112
227508801   227741529
221555644   221703343
236569117   237010823
222000350   222158003
223887015   224028032
229055567   229258995
220830563   220986040
215839255   215981190
221377882   221579574
225757559   225963296
216506962   216661901
217480576   217711971
211676311   211814098
218834957   218971653
219723855   219870267
219307071   219503156
220960005   221169437
219839932   219978966
216437183   216638060
217447037   217585282
214645425   214783671
218593093   218731272
220951274   221132324
218739877   218934438
221574104   221747681
241966904   242502445
221314901   221476765
216083485   216279737
214766018   214913859
218092141   218243048
219916224   220117505
216567720   216734110
223992158   224141556
223924209   224109415
221721180   221936168
220799589   220940434
229688613   229830240
232746632   232895518
232314936   232477877
232165204   232319053
234532735   234742397
231766256   231911086
227462641   227670897
222483461   222623412
225447958   225670862
222818529   222962744
221798225   221964365
220616330   220757486
220784391   220940479
216186649   216332934
228659827   228940439
