231833357   231992525
307890874   308026495
223950660   224078287
215283534   215424985
208821582   208955925
210382843   210517969
209564745   209722176
211869989   212000806
218289511   218416542
223891642   224036184
213269147   213431218
219822429   219955565
225378461   225506376
215930476   216068594
215657752   215788514
225988540   226139015
233708597   233838772
224106681   224285384
223289175   223502387
223269758   223460967
220498670   220630011
231097242   234383134
218538418   218665448
209866821   210034523
209829655   209976157
212577480   212718719
212811735   212943006
220287776   220413869
227683790   227828286
219693785   219859174
225820286   225992885
218405324   218569776
209616066   209770290
209778615   209922449
212817313   212969478
220006832   220190388
218287944   218582052
221461235   221631323
216676810   216834755
222202366   222327543
217678343   217814901
221626073   221762191
220671234   220801911
215615244   215780925
231238909   231383738
244275339   244433011
219776776   219914734
217941694   218087807
216525038   216649149
215471627   215619559
225535437   225667406
209664972   209794277
213070836   213214648
216830561   216970710
220634250   220780057
222215890   222373073
229152017   229306713
225449135   225577859
216976668   217118962
216428859   216563436
214834550   214965495
215096159   215230620
215639931   215756661
220577261   220702181
229513799   229644629
223556443   223709770
224892742   225026149
250509788   250653453
218278220   218422874
210419165   210565567
207914440   208056333
209362043   209486817
217576168   217714305
222597433   225944622
226160194   226324747
235483259   235669571
215078034   215213718
213582963   213711584
208123539   208251402
209382046   209512359
212775536   212923398
255727115   255906482
219170654   219328063
223190544   223336076
219466442   219604039
230817103   231004689
209407901   209610515
209000872   209122060
211076419   211209022
225581702   225719901
223487925   223623779
220359594   220483023
217504408   217627694
221739976   221898276
217217939   217339830
209993576   210116430
215880095   216021212
209861003   209985727
207600667   207739432
215159817   215294099
222945658   223068929
223538318   223679570
218677072   218823950
219922078   220046833
209843553   209959586
211128306   211265331
210074394   210196654
215269564   215405793
217325042   217450672
226582258   226700944
228302298   228436074
231669226   231821001
236883434   237030025
215414782   215567444
213431795   213547450
216987894   217154027
214503939   214642303
222982966   223105335
219983523   220109495
219832314   219959504
214769801   214901679
220641625   220794183
212282466   212430222
211988671   212121173
221406481   221535449
216144674   216275866
220213308   220340577
215519781   215640873
217064418   217194387
221950466   222086876
222337382   222484463
206109917   206233409
210815158   210952201
209280069   209402449
212481112   212626724
219638749   219767461
219010504   219130804
217214015   217331622
215467366   215606200
220627383   220763296
210257995   210395553
212328005   212461502
213426353   213554859
213924994   214056804
216308646   216448592
218517405   218632325
220881009   220995046
249938106   250093852
226013749   226145620
212188346   212326836
211461096   211588628
214126694   214254589
210868594   211037320
223364829   223496814
219270210   219394102
215653535   215772937
222076993   222201603
219335162   219467587
220502434   220655350
210699492   210819673
213287045   213411021
215183317   215312523
229546458   229689730
234782315   234913642
233633885   233765389
225294874   225421052
228112601   228236815
223529747   223670304
221388681   221519208
218268524   218416732
216509205   216648982
236489118   236624452
226246169   226365349
223718098   223834760
261012126   261161530
225154851   225282348
211121827   211248290
213619617   213745816
209182417   209307174
213464932   213608459
229645425   229769641
216012527   216151457
219701070   219849802
221007892   221148142
216913808   217045385
209939638   210062535
209908897   210043621
213249861   213386904
211235212   211366512
221038333   221177833
222932586   223069182
221957984   222094274
224209535   224346811
218452394   218575775
213972777   214117930
205609760   205730180
207619910   207765477
211822869   211972241
217949843   218080255
221317198   221442193
213652156   213775107
218442433   218590475
219049286   219196152
263463750   263592402
214075109   214204804
217123402   217258271
209948495   210095141
220561636   220693487
222948548   223072963
224963227   225109974
220614549   220747843
219008337   219141762
215913057   216033417
215115574   215240030
212974244   213097785
207847564   207979786
223920424   224085153
221412520   221570772
215278639   215393736
214857666   214983452
223506057   223640955
215057364   215194588
212837167   212961209
216260640   216390290
219367561   219499083
223510320   223633533
224837219   224960398
219320695   219441260
225303625   225441177
217586325   217705170
213778432   213909604
214678778   214811516
211985946   212124227
211677567   211803775
223204079   223320034
218039013   218156620
220369510   220491638
223361155   223489216
220648493   220790906
217362316   217487400
212498127   212622172
211972814   212099497
218440559   218580248
220901794   221016307
219768288   219881338
224221893   224368758
217016867   217125707
216689092   216803665
212159622   212280304
223308578   223443317
219350918   219482705
225191560   225324666
222542127   222681067
223595808   223717606
220778174   220918807
238306071   238477687
214215291   214341987
217335585   217487215
220956178   221085172
220060267   220185819
224633956   224756193
231572815   231694281
227592875   227743999
225285374   225447614
221458861   221596986
217641436   217767216
217336761   217475209
214340040   214471262
216838347   216973269
219063548   219183260
219671008   219791048
245454522   245577706
223789737   223914900
224603651   224720397
213549070   213683722
213972630   214122050
216776767   216903690
216810104   216934897
243462095   243590455
226965528   227093687
228532132   228659192
230019987   230163809
233424898   233562053
220505678   220637800
220040564   220168385
216545878   216673966
219282550   219410326
230783148   230916096
222397096   222513972
227265999   227391228
225458731   225589103
229385070   229525863
226612816   226753373
232755348   232889638
231703626   231827421
230351086   230510563
238087465   238214319
236147954   236292022
257693870   257840690
240106154   240238097
239429340   239559594
228996881   229117813
228995458   229124902
228841059   228969218
227288803   227415292
233336769   233460992
224232107   224360049
218366191   218482522
216565941   216697971
219008732   219135287
210411871   210542970
213539872   213668181
213051556   213180047
211679909   211810382
220917094   221093037
228373918   228508128
253302287   253432923
216670008   216803900
219072226   219189106
209506001   209632763
222514384   222652258
219676134   219803837
217946839   218081594
226487382   226613757
226237917   226388543
221333597   221458154
228492444   228621462
226790885   226946439
218975183   219097188
220075663   220198958
212924028   213040784
212696504   212836538
223850656   223980547
225112851   225242722
221233194   221356457
221184182   221310407
222116056   222237602
217760187   217882302
224077337   224225271
216854556   216979975
218480172   218632163
222549763   222704551
225644446   225800003
223569002   223706674
223830079   223950411
228057426   228193983
216043212   216175844
220685142   220820270
214971182   215104985
217936951   218061512
223589082   223736277
228879725   228996028
227111129   227239052
227163208   227286659
233875209   234005175
221195376   221330339
222497969   222617945
220705762   220851360
222151863   222277300
230705940   230836440
237201105   237334805
227026549   227154813
228300128   228445354
225058574   225171868
214993073   215115248
224779282   224906272
224075941   224206245
221204011   221325411
217982652   218101522
222849874   222989393
215305326   215422407
217379493   217506563
219599653   219746406
211864029   211992411
211948288   212087036
207737083   207887593
213007942   213145993
227624044   227756061
224572654   224684088
218010817   218142151
218077681   218231977
214823773   214942327
212411572   212536785
219587905   219730177
210872652   210993152
211985237   212113791
217229469   217355173
219621728   219745939
219680327   219793183
231440357   231564802
233776213   233915127
229411343   229552148
228973376   229099801
228819130   228969902
225185834   225313446
220308038   220431041
220404133   220531698
221409900   221530142
214086811   214239108
219339176   219465804
211049657   211208865
218530279   218658727
204286502   204400533
215483706   215604796
214846966   214972331
219135620   219253976
222218095   222347588
223220276   223349292
216535925   216669109
211126267   211263400
210402066   210536812
210701878   210838402
208113491   208234755
215670547   215786418
213870315   213992857
215755414   215880561
214800646   214916190
218624902   218757204
204865298   204986661
212510417   212663859
215492723   215628946
210872181   211012836
228466916   228594101
223623067   223749952
224344410   224490857
222766207   222883496
216955793   217082365
214692119   214820415
215076169   218287424
222871948   223011043
214711606   214848092
221267971   221393784
220380127   220506309
235038573   235170631
249962061   250090974
256373728   256504399
226715144   226833643
232018107   232149846
221416858   221546172
219493099   219621853
224562154   224672006
225318068   225446216
225106090   225234054
224569009   224689035
231583610   231712124
221736485   221866433
222638814   222764004
216416279   216558793
217833475   217957952
218652253   218786759
219823069   219942675
222584270   222704872
219076368   219211062
222889256   223022738
224172222   224317856
223198791   223326294
217134735   217276984
220620572   220736361
227642576   227757976
227178046   227298926
227054174   227178198
228708344   228839609
234408432   234546116
222410815   222536647
225456543   225601839
222752727   222882425
219864172   219990925
229205706   229325397
229232753   229366598
233039158   233166709
225738136   225856478
215219670   215341124
208748311   208869965
217743867   217875176
215380002   215510651
213731265   213857142
219506226   219674007
217702984   217827132
220836163   220954827
222083276   222206753
222617252   222746004
213626876   213758577
217467854   217623394
211344064   211469149
218640858   218766501
228091822   228223261
223145956   223267162
227887361   228021628
220281479   220411218
226551776   226670198
216462653   216588842
220966558   221103877
214157114   214289697
218758348   218877437
225792702   225917286
221764902   221890748
224300644   224435069
222120423   222244113
219530893   219654091
215844203   216008086
218408766   218551545
213959895   214084671
214648304   214768524
213733859   213842357
221037615   221155942
216728255   216864429
216462129   216566918
220989738   221115385
211261468   211388548
213187070   213326832
211390602   211516844
209830523   209966304
220156503   220270244
220083680   220216030
217591860   217710556
220888403   221021266
219043886   219195731
210781737   210906455
212327639   212473226
217511674   217632943
213272573   213396066
217015168   217140124
218766850   218881534
218478840   218608436
218475660   218598692
222412899   222530570
211752049   211875556
211523151   211640911
214560689   214675766
210385302   210503120
220914555   221046751
224568202   224687903
217013929   217144984
219700907   219817873
220916301   221039213
210263021   210388958
213519297   213657662
214314016   214437962
215473691   215619798
221789255   221916664
221209096   221334508
221270698   221420445
220660459   220780363
218011083   218135768
213956252   214121970
209419542   209559330
207891298   208011654
215787940   215905222
219280809   219406478
219307482   219420425
210602092   210736972
226717062   226844973
216320942   216440090
211425723   211589299
211313627   211459969
219378533   219515434
218580303   218736662
217874300   217992886
220791036   220923797
222556674   222688189
209676090   209800967
217060821   217185905
211787927   211937482
217494602   217611032
216394295   216526475
230789199   230919170
218259698   218386259
228775596   228919773
211303026   211427490
215777114   215918083
211452613   211576528
214187699   214309799
218956596   219074777
218375751   218496666
218780001   218903252
227974328   228104247
234126242   234253160
228256594   228383234
231400784   231524664
230188377   230314154
230793162   230916502
236274153   236399338
236838985   236962973
239100085   239237219
236644088   236782268
238690881   238836204
227751399   227882010
231317903   231448956
223967907   224101782
225919968   226056707
227315542   227439434
228256507   228377318
229263605   229401763
227983167   228114816
228180053   228297375
221123227   221250229
218849293   218975476
220548131   220676819
224013613   224139907
230240927   230387806
232867560   233012189
227656089   227810892
229422280   229568787
222658184   222799185
218792387   218923177
213532770   213668791
215856134   215991678
213781807   213920353
225420248   225559671
233544506   233671608
226567752   226685975
221750103   221875833
224396181   224519538
220165155   220302421
218849860   218998228
217300663   217467438
220994166   221121656
226748895   226867278
228776985   228900909
224204991   224325691
222653842   222776279
220284626   220409770
212250108   212375686
212319257   212473429
213951606   214100321
215820171   215943632
225723476   225841975
230187483   230311012
227461291   227590530
229390004   229516619
222719947   222843231
216830085   216961197
226602180   226723044
212089834   212214944
215911626   216035827
224535013   224650151
222093863   222213236
222730184   222858065
228814103   228942240
237941268   238064814
218347943   218503437
218157134   218318368
218271150   218399111
225374785   225497911
226372275   226510901
225691220   225816212
223477323   223599262
223083886   223209237
221551870   221678904
212802584   212926825
210423847   210552614
209826815   209955764
208111589   208246286
218175746   218299584
225388809   225527239
223004644   223128143
221410262   221536773
262924598   263058402
212754169   212890350
213152252   213274956
215391434   215541740
212794250   212917489
218172655   218308591
230562090   230715813
219384465   219527795
226140594   226276267
226173080   226302837
215861123   215999162
214740794   214876483
210351738   210496082
209424461   209576510
221852318   221985563
239373146   239502609
237045738   237200876
235758308   235884263
235091368   235222754
228339796   228466781
227322659   227460862
213460731   213584918
212460606   212599024
225582840   225711067
227397608   227523483
215321956   215441982
220778452   220904487
217429448   217562769
211585821   211726667
216200472   216331780
210010625   210145316
213871473   214008595
215817023   215949432
224177107   224322572
220726639   220846861
216628692   216748049
217394598   217524163
210778160   210896485
211158008   211296075
212505805   212625476
208717002   208847523
219849893   219986285
222608325   222728034
230046602   230172428
224280360   224404641
227448022   227592149
217745154   217873025
224212562   224342629
231335892   231462140
229010532   229140243
233059161   233195396
232681518   232808196
227801824   227929613
228470771   228590943
230459973   230586558
218267302   218413967
221182085   221310884
221587217   221722496
223096943   223228930
227547226   227670063
232454446   232579356
232078376   232220026
227602606   227734786
225828358   225955569
220656606   220776184
221502500   221629245
222197354   222326253
220627823   220762686
224527102   224655664
222899477   223031062
221283422   221414216
228982872   229118127
226029892   226159177
216269699   216405981
225161204   228467173
216841867   216966604
224260246   224394167
224755950   224876384
224159709   224280202
225098638   225230713
223097593   223222270
227477135   227610850
219438348   219563627
227032940   227176993
228237208   228362713
229517424   229643847
241368151   241481893
238530921   238686860
236550932   236677623
235647304   235772663
236421225   236563828
226687956   226830554
228420608   228544812
229089195   229223634
228682031   228811190
240477749   240617517
239449031   239574422
237410538   237536571
230260948   230389867
228123294   228269963
212684543   212818860
212475517   212602319
215896853   216023656
221424935   221573535
231549138   231667209
227036940   227191121
226815640   226944324
227675334   227814995
225381291   225500655
219745745   219876306
216359642   216484595
217241554   217439353
210669122   210795566
224800186   224928333
219286376   219412434
227238344   227375823
232178850   232325144
221063085   221189543
212873898   213024552
211612713   211727232
216545904   216663621
212449049   212580055
220566008   220720515
212701269   212815102
227286406   227412755
224161850   224308673
220653518   220790098
208044674   208167476
215973180   216092111
209897774   210038505
211892153   212048418
230850195   230972986
225099145   225238162
217551797   217682778
223412659   223538823
217010287   217159854
212817060   212936647
211957095   212090214
214694194   214840711
212830673   212981627
231351528   231490736
247003938   247132446
221244315   221368348
225183634   225301954
216297761   216426426
216019618   216142373
220052026   220169843
212161304   212281618
213864917   214017928
220522464   220649959
225341769   225479952
230864728   230984305
225338731   225498037
221515407   221653505
218860009   218989085
212802452   212922647
220412939   220538905
214887158   215016679
224294133   224419510
223020408   223148641
220533618   220657879
220477785   220601223
218881647   219007674
208745732   208869165
217846451   217980698
211824133   211949118
216394463   216521703
223015491   223144360
226231591   226370877
220695595   220844546
221979680   222097207
227567698   227694244
220270486   220416481
215801378   215929082
216609971   216769353
214468502   214597393
220345162   220469507
231252842   231378027
256224093   256354617
219012107   219140147
223841798   223970364
217964533   218112576
220915582   221048543
249026017   249185178
216825285   216964122
225184949   225310396
225766808   225907553
225992940   226115397
222907865   223026757
224900598   225023524
216515219   216633190
217947400   218072556
218026980   218150311
215425959   215579758
225101110   225223377
228268545   228398942
229104640   229244752
225838326   225978576
224162822   224304294
219776156   219919074
215967772   216117115
218662094   218784979
213749580   213874826
414564238   414694624
285372322   285501776
228994366   229136018
220407775   220534885
227302942   227423954
213448234   213571518
214759046   214903193
218268291   218386058
232950875   233078836
216907377   217030293
215215458   215341601
214892733   215013237
221356460   221471111
222260894   222395533
216390264   216526402
210106457   210220256
213648454   213774701
217315651   217443235
225178018   225310287
223081367   223199903
218476367   218619572
219718045   219829819
219815574   219931930
211768631   211892411
216345556   216477283
220478140   220605349
209240917   209375920
225339679   225486726
224727281   224842049
223968881   224091862
235534367   235660990
236748785   236878001
228155996   228288843
229535647   229664909
229316671   229439205
228960528   229096300
229221307   229376742
222161035   222284855
224340882   224461205
221900598   222025662
237869222   237992762
219834631   219971349
222311018   222447735
216518170   216659113
217038588   217173713
227489829   227617352
227099941   227225854
229336597   229468042
232244747   232373754
220640383   220763505
210530624   210651927
212040380   212173340
219218176   219365749
215571201   215696564
229464999   229620000
222504766   222626276
216343259   216462909
215899035   216019241
222476737   222600804
209363196   209499771
209832194   209946291
204568150   204705406
213930481   214066262
222479299   222627171
224525392   224658973
222774763   222921582
224211712   224331384
221051724   221178528
215415199   215537965
210458875   210583298
211670875   211808828
208770507   208923052
218136313   218275532
221574192   221700116
231123237   231255344
218866521   218984432
217139944   217267948
215594752   215730024
207707672   207854598
206189415   206314608
213466381   213586164
224009792   224144992
221801811   221923642
221562927   221708672
220395721   220519844
221439036   221574332
212585359   212718660
212837636   212952871
211904172   212030437
215571228   215686726
223144582   223271715
219267793   219392554
224455563   224604971
219443087   219575918
216444457   216559103
212045961   212169848
212769085   212891257
211366589   211515877
214085107   214203541
225305273   225438345
223845690   223969407
218282783   218419305
217610176   217729542
218987986   219118868
213582248   213716241
212983822   213107669
215438173   215555108
211939435   212064528
226766147   226893163
230727993   230872958
221312940   221439983
224145125   224272472
225612034   225738722
232753577   232885372
235356963   235483170
228037479   228164410
240008515   240138777
238831767   238959350
225140246   225267280
237524223   237653190
236018939   236150984
233754333   233883240
226322974   226448558
228954564   229086695
228169903   228291724
230868787   230994291
240905876   241033372
237692012   237850268
235395047   235524263
235870359   235995315
237040624   237212705
229430120   229558607
230672806   230797789
228693161   228819023
228593050   228724791
235625737   235758566
237761557   237891934
236892746   237040375
235162514   235288447
234825347   234950841
227259395   227386167
229703582   229829682
228951625   229078087
224546731   224703790
221676278   221803314
226665083   226790076
227447516   227595164
222542795   222669932
226972505   227112137
224845081   224993629
218352505   218482115
226889468   227014037
232048310   232186722
223637660   223762869
223329541   223473912
233572731   233704853
232054917   232185133
230386867   230514916
225951258   226071411
218854130   218979780
227322407   227451593
227064693   227191099
228687192   228820651
233308111   233434366
228201386   228309655
212332220   212451107
211900713   212032222
208867372   208993341
213591584   213720234
220021724   220134318
223937418   224055219
225047046   225170949
227317751   227425513
211086338   211202894
213583240   213711212
211279804   211404068
208693460   208808589
215534199   215663992
218912519   219040538
218391139   218541945
214180694   214305564
217507961   217632790
209140346   209277429
215169932   215304071
209147905   209288489
213413073   213560425
225926309   226063016
222515832   222645413
224511740   224626821
226690974   226818298
222138924   222265954
209780330   209917126
215167418   215301263
212431213   212559401
217459118   217629117
224201729   224325823
221357283   221482370
227784118   227898736
222216225   222342442
223548881   223696696
216676687   216814326
216762958   216894360
213338051   213458012
218843456   218976097
224222477   224336408
223214697   223339279
224167910   224304582
222306021   222429800
221193518   221308135
210398278   210535758
215505016   215637131
211840927   211984307
214528749   214657702
224251852   224369032
220430619   220559171
224090839   224209338
220431927   220557092
220578892   220715658
214734751   214863497
216488720   216604837
222891645   223038573
211489347   211613094
222652305   222776499
219311621   219435810
229339892   229458061
220399505   220520011
221026900   221153808
215710657   215838478
215967537   216093887
214594613   214714506
217229446   217354528
221217040   221330977
240145778   240252165
224028164   224188181
219512448   219643269
218524897   218670988
210379958   210511695
205690749   205811545
222938711   223102171
211839993   212012999
218167444   218328474
220900804   221032455
216171559   216311857
222442659   222604368
218621654   218738099
213783705   213903584
211248965   211395019
213487054   213620278
216208354   216333113
222304331   222430304
227434331   227567722
221400365   221531472
223736815   223861771
220481286   220620791
212632858   212754737
209962085   210088779
216567283   216704882
218049430   218182166
221567065   221690417
220913641   221054005
218011685   218132777
228599335   228726219
225518801   225638885
212673349   212791406
215136048   215260139
217667692   217798255
215829492   215960174
224297998   224422257
221489168   221626688
221459701   221581931
224801234   224929910
222254186   222383797
217525288   217650549
221570552   221722008
221192463   221317840
220039754   220172440
225757396   229078825
231113399   231239618
228877141   228992962
231603412   231736541
223649618   223770098
218364472   218486060
216544564   216669145
219695693   219822859
210117861   210257906
224346639   224476901
220362016   220491972
222751969   222885688
230484821   230611204
226593393   226717632
214549201   214676132
215241077   215360420
215489445   215618964
209981890   210128324
221466853   221586302
227391570   227520399
218123044   218248595
222832909   222959736
217701837   217822686
212464284   212593230
209466756   209590119
212553439   212679354
212957708   213104878
217816425   217940707
225617434   225762844
224015739   224144220
228404418   228541406
225644088   225767072
211989615   212142105
209931753   210084428
207962541   208086050
225833483   225952236
216147932   216265449
222717812   222854969
233344244   233469635
223827190   223944057
221606749   221731368
215895222   216027879
218745839   218883731
210697419   210820810
208957254   209083412
216731222   216863769
217600396   217727734
220668090   220771354
221480800   221613758
221270649   221382842
202995362   203127789
207205692   207331008
213290691   213413509
211483166   211615772
214037785   214148786
220087859   220231821
219855481   219979794
220067314   220223644
223504938   223639357
214005995   214144858
212035744   212165632
220660472   220778843
210443498   210564838
218993920   219141891
220261932   220387499
222730621   222866334
218018073   218164031
218191508   218311601
210993519   211116169
223566486   223692928
219945268   220081663
214165819   214290969
224393074   224518543
224674965   224811320
224095245   224233102
221496708   221635549
224323031   224451839
220870367   221018878
218688699   218815421
218734139   218863101
221897712   222030144
229609788   229739196
223400718   223536782
223878426   224000434
225184445   225325996
224736201   224884852
215295274   215443073
214992992   215128905
216952619   217077085
207381361   207508199
226300655   226430354
220734638   220860010
223640175   223762922
226358645   226509431
226118157   226242882
215375362   215507768
220771164   220898287
214742287   214874462
214635683   214761443
220587826   220704347
224547878   224685173
230521096   230658311
226454509   226610131
232239284   232369290
220467840   220604161
219213271   219341877
218960726   219103684
218786248   218915287
223721936   223847213
240738499   240868451
234169363   234302875
230390708   230518571
230547477   230670638
216575242   216701612
220185594   220336633
218500035   218625533
218696887   218825495
226822199   226954471
227952755   228079525
227054768   227183235
228458939   228587881
227129091   227261884
222121390   222247237
221577056   221699116
224970444   225114414
233745124   233874317
239687379   239824390
239100604   239240768
238331155   238466587
238269944   238408853
237592850   237715089
230670188   230795022
230455950   230580783
230248117   230374331
230793734   230925395
237270306   237396440
232198586   232317590
227672640   227804370
235149813   235273866
232163131   232283277
216929908   217059598
217730268   217873087
219196560   219321828
217529145   217656058
229137684   229256541
227164705   227290735
226512250   226636619
231230195   231359345
227615231   227755959
221234474   221358201
221410259   221537629
218226497   218361800
218071472   218199283
233593391   233710297
224125227   224258045
220290735   220409969
224793902   224933782
221238760   221361935
216862147   217003768
211753334   211911767
215140432   215263531
210807749   210930043
218787903   218935672
219298433   219420034
220927771   221055671
221746917   221892509
223064321   223191728
217464434   217604152
214303998   214442322
221226184   221357025
218023215   218159139
221661389   221792289
220285751   220416617
222779386   222906108
222209513   222318394
220574084   220709058
214114481   214235907
219565799   219695586
224660030   224799083
238734655   238864343
237821097   237956412
237956477   238081710
237746940   237880778
238029593   238169451
228912600   229050785
230699783   230830320
229458517   229583067
231198070   231329645
234435298   234567469
240403837   240533399
229143776   229270842
225685141   225818001
230515840   230642767
220361675   220490562
214384280   214512076
218919872   219034424
217719957   217847271
227374884   227499851
226410814   226534600
228690576   228804155
228111455   228234486
232441560   232563290
225202990   225346795
223484672   223604414
221459033   221584648
240738660   240879116
224958639   225071382
225896394   226025113
226226699   226362746
225957669   226091011
217699044   217838011
218505125   218630244
217317334   217447501
219120838   219243950
225996519   226118108
224518653   224669323
227204818   227339963
227895695   228025363
225609026   225744238
218890232   219027763
218592980   218708760
219856062   219980172
216440533   216566709
226616421   226744418
229513225   229643844
224447337   224573298
227752597   227899274
230439546   230556510
219986535   220121177
218461219   218588316
217734424   217872137
219280641   219405577
226232742   226363939
228166383   228304131
223365163   223491897
220017970   220142924
224693825   224823547
214564241   214689766
215676740   215810399
215154551   215278339
219826456   219950087
224548957   224683409
228688389   228815827
226740394   226871533
225255896   225389949
231703208   231826737
214466287   214590681
221388401   221519131
216391868   216528474
217210209   217334191
224817088   224941515
218714220   218831166
229060196   229179406
220893819   221012109
212932831   213051876
210578144   210717868
215651819   215776842
211837192   211957721
220860006   220990327
219920838   220042039
218093324   218214299
221613876   221735930
218721682   218844736
216908778   217027381
213000954   213121098
217375427   217493079
215180444   215305475
220293049   220424294
218264548   218389433
217611005   217734508
219066912   219195987
229289709   229405230
220502516   220628954
224331510   224454318
228251284   228384930
231080925   231223404
236714516   236841702
321341259   321471980
472666160   472800685
460686070   460816519
289565045   289700918
213464605   213593058
214360291   214483650
209648287   209779080
224763445   224889239
225474061   225602035
223505343   223619331
224271558   224399359
213260329   213401648
228610143   228753948
216120712   216255393
212195272   212345343
205644981   205756953
208222846   208365108
215486106   215608621
223813650   223947731
218460200   218607986
219521456   219649774
224696967   224825104
216048283   216170346
214172937   214297867
225748358   225875821
216139963   216257275
223142019   223257815
226241426   226353558
228137802   228270375
226263915   226382333
224220165   224353427
219634580   219756546
216816641   216946742
208713458   208857300
209106534   209245760
222331308   222462443
226651374   226790145
230392432   230512921
225963109   226095722
226155366   226288564
220071181   220196349
220301050   220427223
219285413   219409287
219419396   219545202
228057708   228185132
228478167   228610181
229883953   230017663
248044515   248186091
228006013   228127374
216688963   216817537
215877605   216008239
212547059   212673490
227365606   227496736
227595639   227718019
221606353   221733392
223469893   223596391
221416032   221529835
214440710   214565290
223755921   223880852
214927278   215064051
214597984   214727931
377589182   377710804
467750861   467883241
315321048   315458452
225542077   225684281
225181089   225318035
217670611   217830799
218093170   218233147
219140745   219271166
224475449   224594054
227276787   227388186
235480558   235606167
233461731   233590091
234868060   235012324
221397542   221521454
205320928   205449308
208364290   208496953
207506243   207624229
207238733   207360903
220413411   220559818
221945423   222082173
221068812   221219985
219554103   219689851
224574463   224698770
210552962   210676735
213203076   213332042
217600592   217730718
214715360   214842165
218113005   218258889
223131764   223263313
224827541   224954409
221064201   221187328
224042725   224168058
215441352   215568736
222063273   222194653
218991340   219119482
228631022   228763088
237018957   237146980
234479892   234606019
235588163   235716115
238008875   238134938
236151550   236275348
229810257   229942597
229712034   229841742
230151720   230276818
230463536   230600159
239221915   239348150
242098967   242228501
238886665   239019499
237387331   237523997
235771575   235900505
232375301   232504666
230482313   230609954
223725934   223857622
230886878   231017028
246168056   246289091
235340469   235472053
240239676   240366391
238998243   239121589
237572702   237697835
232073939   232204170
229631294   229753499
230371000   230502740
234910077   235062291
241357337   241508349
247077258   247198688
237767142   237900780
242659426   242789324
241200217   241329852
224459985   224575992
222892979   223023227
214410293   214553721
227324683   227453351
224071718   224196065
229025777   229158950
231784058   231931908
230673448   230808564
229244142   229382841
222615574   222750995
220511286   220641530
220327807   220473303
223928406   224056620
227947899   228081687
228608899   228746081
228851464   229014697
233860379   233987424
231182559   231320429
222824993   222965794
223142043   223282323
219701853   219842616
222882747   223051303
234708440   234835603
245628797   245776284
227866646   227998068
236369549   236510071
229888964   230017213
220934118   221067725
219323411   219458204
219534324   219667780
220896574   221032747
225556721   225698551
227318644   227445188
227335733   227471318
230018754   230167494
226844387   226970241
218906109   219052028
217493967   217623080
219421721   219569756
221352191   221486417
224097512   224228393
221175264   221304965
224458521   224606358
231345917   231476128
221045462   221169425
217859577   217983628
214311533   217759041
214167955   214304136
219680332   219825508
229686084   229824126
225403605   225531630
218949210   219077602
224128941   224264378
215779425   215900484
214233778   214357849
210336421   210461793
211622824   211767629
214930541   215077333
221012902   221132120
220767839   220890307
220639958   220772029
219258108   219380243
215976554   216101410
216856207   216984284
217056813   217200502
215750642   215870299
217934551   218059238
218972119   219141429
222979903   223106562
218625211   218758692
228459960   228584912
221693350   221815371
214679405   214808291
215212737   215344907
219272367   219412745
228647298   228778663
237558059   237724023
239908884   240040932
239811897   239940620
237029136   237174087
233612674   233738528
213617884   213740725
210378605   210497418
213650939   213769261
212542953   212666018
217571262   217694309
227397987   227518980
214161356   214291239
214005206   214139974
245186697   245360990
210747012   210875542
210040532   210178217
216773623   216900144
221968669   222103849
219996346   220147038
223884638   224013167
218918274   219036488
230863614   231014008
220087964   220214344
224691395   224815277
210468140   210599012
212672405   212813549
232051550   232173407
215919571   216034383
221961044   222081796
217301622   217424317
221498047   221647913
223192190   223356706
210607273   210726336
207848564   207989904
207167019   207276570
212001663   212118871
236688865   236821084
219328671   219464819
227869525   227996557
218910005   219038983
221538583   221659963
208719518   208850854
213052805   213177629
210763927   210890988
217842525   217975136
217935402   218060363
215606383   215729724
216891708   217015329
224270163   224422983
225912181   226035373
217728995   217846856
210296944   210433082
214928271   215048774
211152642   211278808
219954875   220076883
218696665   218815762
215973283   216110143
217774697   217895582
212903499   213025757
215567617   215715772
210073067   210189822
214912903   215030802
208269575   208380941
225621006   225761379
223023590   223156912
217684005   217809459
217146968   217277041
223981407   224101060
213296416   213423310
217013559   217138787
218618002   218743915
212771371   212890995
222317151   222452437
222824412   222937039
228655039   228782274
217651464   217773226
218942335   219060773
202541754   202662866
210346789   210473134
214454278   214590357
211796474   211921402
219310462   219454735
216618466   216745224
221121510   221280830
222149299   222275896
222777884   222905749
226698147   226813509
211801464   211921415
207340986   207456648
212294712   212442512
221221793   221333945
214489939   214643226
220709972   220834612
223602929   223729041
218263662   218401015
214312253   214457076
209898463   210023462
210282346   210422512
211476224   211591941
226150416   226300003
217004399   217120579
219210438   219336945
214983650   215116656
215484676   215615418
206679456   206804540
203908173   204027404
207540431   207663228
210615454   210738733
218026145   218147107
222245031   222369335
223699785   223811874
219723016   219850613
217372273   217484259
220864877   221020546
209753715   209882229
211930849   212051146
210385357   210525662
218224257   218356549
217403061   217526586
214096097   214222191
217256367   217381423
220437503   220571421
210265749   213567932
214204040   214334932
211861645   212016296
209229912   209371038
224691345   224834359
226042832   226165605
215788588   215928628
215536001   215659349
217930979   218062069
208945768   209073403
219032599   219161904
210801130   210947093
213506025   213634738
216997801   217116400
220440438   220580141
221290193   221410743
217013838   217132437
225580786   225726438
221786766   221912719
212689156   212824336
213708409   213843207
211276559   211400695
216766588   216885023
218653336   218769057
221654543   221781759
251765306   251902564
219024547   219150663
207028028   207152657
207378719   207526215
208146432   208265974
207744767   207892788
220770116   220901191
219379221   219499793
228980967   229119392
220592908   220706714
218724930   218898437
210614776   210752893
215741679   215884402
217465580   217587386
218239820   218394729
233200807   233333840
235875947   236007214
232672626   232797282
223571524   223697138
224717770   224840618
213509004   213650405
217932917   218061923
217935149   218074048
217724959   217867256
224507232   224656456
223397860   223535950
230517114   230635984
223108263   223218329
226359957   226492163
210668124   210830838
218305197   218436151
214905534   215024406
209913845   210038347
218420783   218556697
219661143   219775069
232981669   233101303
215974239   216103330
221150702   221289892
208834209   208964059
221480960   221622603
223860063   223986912
226534321   226660282
241013868   241141764
239404076   239535079
239177989   239295870
238069326   238207312
237750770   237880401
224635185   224759838
223519002   223649087
223994996   224123201
223304904   223435224
235298496   235417406
238252380   238381316
230617476   230748409
220157375   220313729
219447320   219562298
215103043   215249509
214045247   214175197
210690990   210811782
212834892   212956191
221756849   221883887
221242674   221377824
218409084   218534719
220806620   220924879
222404299   222527716
209391992   209520181
212010463   212138824
214602738   214739790
221790373   221925398
222854405   222990438
221922249   222045104
227764640   227938342
225466678   225605069
231728175   231852969
216855855   216979586
220129393   220287819
216055374   216183057
218726995   218851918
221945338   222069629
226627387   226741277
224155848   224276869
221438911   221573526
221118130   221252035
209279648   209411715
212203968   212361284
211579499   211727699
214077995   214210004
230912847   231047971
222617774   222740094
221865459   222012228
220448603   220599049
224832304   224983955
216771349   216898513
211120011   211262998
218519393   218654103
213360557   213484754
221902466   222034889
223339167   223475492
228143713   228267503
216221614   216348330
219922939   220039743
210559562   210703995
212178759   212306933
211010953   211135952
209707397   209860917
222829463   222971124
219899353   220027671
222251672   222413496
218725357   218847201
219480505   219600914
216078419   216201187
211464139   211595883
208657825   208785931
211757742   211871876
228369570   228504494
219698950   219845241
224171184   224292523
225034955   225160280
218070341   218185913
212388079   212536692
209338855   209477398
213990292   214112241
209426226   209571420
217582553   217705996
222316566   222439995
218220712   218346821
217222097   217345980
215607926   218925965
211656453   211780217
213515304   213639841
212711983   212832837
214336954   214456702
222546314   222683502
222765198   222885138
225126667   225266747
224862528   224985957
219446975   219566132
216652944   216771348
208763668   208914568
207653005   207776618
212097129   212224119
217370121   217490794
219806778   219931283
216905805   217028011
224352385   224472338
214994587   215139491
208198820   208321099
214499706   214635797
211535767   211676244
206950267   207088256
218186292   218310885
224435625   224578574
225084907   225220740
225434816   225556492
216638238   216763476
210203797   210353194
210039556   210164200
218465594   218604237
217198191   217325649
218768595   218910949
216936511   217052264
216262078   216378391
218474445   218610083
218969641   219090872
209259351   209384178
212166527   212288966
211921977   212050951
216965579   217100842
219467899   219605690
218706350   218834054
213769322   213894432
216398089   216525587
219446433   219562684
209203913   209333936
209827564   209959991
210390462   210525679
220299508   220457969
223136694   223259719
214390082   214531044
222029337   222161033
225715846   225847780
223195516   223310692
213194033   213333745
213699153   213824980
212505127   212660556
213791969   213916464
219017448   219169460
214285260   214415503
218002812   218129896
220850302   220978236
224950298   225069513
213088301   213221542
210060491   210207735
210090769   210224671
211110373   211261841
215740920   215857529
217995329   218118527
225322873   225447327
222206358   222328128
226348391   226500355
214418968   214539732
207727781   207859510
216095222   216236169
212658705   212781602
218145922   218268027
225099087   225210340
221425667   221555684
223076755   223230360
221277569   221401267
208069699   208186932
208973632   209112150
209317522   209455920
209452266   209593366
230914385   231042709
225835106   225959679
243551830   243675986
238374791   238503360
244025390   244158634
231528923   231654637
230942120   231069237
230881858   231012971
238589015   238718186
237290690   237427905
238472614   238597628
228875657   229004783
238246063   238402788
230019524   230142511
217829636   217956825
220451144   220570302
221974789   222101740
221635633   221773337
218740362   218854580
216785382   216923431
219685954   219808676
210993920   211114729
220644086   220781701
216615238   216746483
217341399   217466223
224096720   224219968
226982309   227107473
223333509   223479084
224107288   224235650
227504912   227631458
215717551   215848758
217949976   218097234
212873455   212993032
216888702   217009686
229455683   229585045
225261169   225394080
225165014   225299792
225343930   225466750
223866356   223988505
218609363   218759025
226398810   226529779
215063756   215190713
215115532   215258790
220157051   220285228
228006854   228129915
226428169   226570041
227584387   227707776
231132517   231273653
214009162   214143274
214366763   214497952
213649096   213775700
225870794   225993959
226199742   226347507
222868802   223008402
224107274   224232405
224238360   224363827
215983418   216107150
217415204   217544457
218894614   219024637
221131621   221256716
227061019   227217926
225957926   226083976
228595373   228718931
223210135   223333562
224771513   224891997
217960878   218090093
218965550   219097015
225583116   225709829
214660844   214790179
219300314   219426964
222306702   222443180
227989630   228118376
229104060   229230788
227732687   227860862
226199298   226321420
229062850   229198518
220902169   221028439
215847471   215986805
226416744   226544066
222297221   222439817
228890548   229016558
226176893   226304158
228328625   228453532
222521196   222649322
215708845   215843455
220373366   220501003
213726125   213864758
223144652   223276895
221325796   221446780
226829086   226965381
226146841   226267765
223271200   223413444
208080935   208209618
212072314   212194649
214154488   214294062
206556722   206696659
221582879   221737049
216809241   216948775
219023295   219150337
220310565   220440149
218485593   218610496
211948937   212083342
213638441   213818641
218905239   219047394
210075981   210211526
223544302   223674134
221137107   221257043
217695840   217810409
221166218   221291302
219959418   220083745
218672067   218804837
215196657   215325225
226806193   226942603
223942958   224076825
225279046   225408723
223257856   223380242
223523717   223665852
227963441   228085028
221337141   221485379
217875630   218001678
213561345   213688767
220230210   220356048
214272165   214414733
217714116   217831474
231314673   231454247
224514844   224627922
223136944   223256413
218583195   218705458
212448129   212575266
209293674   209422576
208714999   208844156
213059107   213186969
219001113   219132256
223528275   223656802
222467827   222596501
220542030   220666583
216254461   216366936
240527491   240653229
207311635   207430706
210885094   211015850
209639973   209791682
218142154   218261937
220199968   220320235
220817277   220934624
218582594   218709332
224615025   224735588
213469474   213594088
282723797   282863822
216752743   216870570
210355728   210490293
219189909   219318352
223869967   223998752
226836694   226957753
222158632   222294286
215446815   215601400
214282257   214403774
213444976   213584207
213520366   213650944
217456096   217585527
220024134   220160405
224469578   224612689
215956896   216077446
217889270   218019655
215084382   215209208
208233701   208362599
208988102   209110729
219322378   219444667
223686214   223813322
222303603   222446215
224704943   224835452
220515899   220634646
221338806   221488402
220923830   221059145
217255503   217381346
217428673   217557899
211831438   211959649
215653247   215782184
222948229   223077738
217903262   218033207
222068554   222196685
227881108   228025074
222645028   222797067
215020757   215161361
215302588   215442284
218155005   218318177
218996271   219137172
220243389   220394277
225102810   225226238
223308250   223433242
223751487   223879006
224521560   224639891
219383683   219511696
211617691   211751759
212524020   212647461
218301251   218429089
223098353   223223125
226441695   226596104
219595033   219716105
217920294   218038907
226141147   226269891
216647732   216776696
210083005   210209858
211947941   212076364
218713696   218851423
219232513   219353253
218103428   218238510
218304134   218428146
218504969   218627986
215203247   215326310
208680539   208806590
217349723   217483635
216630895   216753800
211409846   211545320
215260443   215378624
216557854   216698812
225404987   225538066
221719563   221843886
221841373   221966766
213705571   213827840
213561089   216949223
215523638   215656998
213651625   213783051
220362509   220492494
218420036   218536478
218206449   218339089
219641295   219763446
222617056   222732141
209599249   209765150
211432755   211584952
208256780   208386584
205934193   206067969
220365829   220539177
215246843   215374646
220078876   220214938
214947798   215065050
215389403   215524803
213403359   213546934
208367281   208515991
212117154   212250250
211816940   211938806
225812529   225947006
215551334   215670065
217463171   217588626
223878193   224004394
223585164   223710045
212242315   212370247
206943748   207069164
213464150   213587431
212303267   212452597
224366060   224509813
222006719   222126914
219606684   219731496
218373150   218498085
219293368   219418398
209008755   209138523
208620116   208752795
211895391   212035180
210541715   210662659
217895519   218026437
225189216   225318859
224553275   224692105
224958068   225090116
228241028   228365720
220358216   220494278
217326802   217460719
220864094   221015706
219561038   219708897
217659950   217784880
219172322   219311899
224342609   224463235
221724011   221841806
218713622   218830027
220686269   220811955
215750528   215877636
213164966   213289535
209197477   209358109
219045823   219190603
221888459   221997567
218054064   218205840
228434074   228565952
216708548   216828516
207388047   207511139
207187066   207322114
211435223   211565312
218417867   218539197
217264650   217400707
222696880   222810771
215560167   215709893
227253598   227374155
218648256   218797187
207903644   208036140
209199394   209321403
208262980   208379709
210556490   210692590
224520134   224640158
224898766   225021984
217468240   217591759
220945655   221078941
225821892   225964315
212954243   213083938
212218953   212358870
210471524   210627452
215613231   215744743
215346505   215460281
216708020   216831306
216071438   216177933
218717757   218836396
224818898   224963983
218967153   219124733
216876758   217002158
212846934   212979402
214023984   214173305
217892757   218027759
219221382   219346014
224200686   224337010
219229875   219368111
220689191   220847267
213066324   213190617
214398984   214518270
213352810   213490586
211197260   211322064
220978427   221113859
220962608   221096328
222852348   222968074
218591170   218717372
228397236   228517555
208789491   208922495
212663402   212790271
214178147   214318524
216921213   217062929
224415913   224546352
225517096   225636484
224260178   224377976
223011660   223132940
226591915   226728218
217309042   217441149
214938078   215072509
214066824   214205105
215950963   216087966
226004693   226129545
227693485   227831820
230153734   230284299
226365031   226481944
221027493   221151062
216204903   216354842
223453296   223603087
233556986   233685983
228234738   228373971
234081097   234211448
252870939   253006641
240084887   240213397
226067458   226187776
226588858   226712859
218751913   218881500
216773997   216904812
215615487   215742998
218768555   218898376
227136155   227277842
228968403   229101476
229060439   229199000
224843564   224973812
224615829   224740961
217286115   217413622
220366987   220496864
218716822   218877762
220046352   220167222
225802501   225942475
225543706   225672383
225421721   225561247
221229311   221352236
223599139   223729108
220254839   220394952
220905658   221058914
223279228   223406112
221523152   221650871
224123718   224268791
252092930   252227707
226467299   226598387
238739712   238867737
228029640   228156980
217215258   217340764
218913925   219052721
222210500   222338724
219853796   219988878
226262104   226385354
235045572   235174707
233094908   233221125
226367191   226513281
231631381   231765607
226086806   226213376
223477044   223611230
225167660   225301378
220704383   220831363
231408362   231539357
234719753   234841182
229000416   229124366
232156667   232300809
227995658   228121800
224578481   224711975
220671526   220802234
221844087   222002055
227467290   227598626
229249954   229376585
230216105   230343706
221044824   221172075
224726980   224883234
214265447   214396876
213004511   213132914
207165243   207287512
210883849   211009173
222926570   223064875
225303394   225435392
225117660   225245773
224693591   224833431
234763459   234901662
219306954   219430596
212029066   212147622
208777097   208911287
210470447   210612040
217243301   217366144
223918215   224040051
221697350   221835138
219904550   220023873
220148212   220276734
213597357   213728300
213595339   213737490
210643699   210773328
221095901   221228694
221904115   222020684
222897562   223027058
226571531   226707046
227565510   227695573
224238044   224356294
213982469   214118496
211721991   211856248
209054008   209177763
210993797   211117317
222617134   222744205
218029134   218157674
220923709   221057122
217966569   218083139
218652060   218778827
216294447   216431349
214635537   214770969
210493676   210612186
207505048   207646651
222059262   222186736
220801657   220936565
225660934   225789044
227169743   227312506
218415583   218537144
209071419   209197606
211376941   211498167
220232682   220364367
214449424   214588953
231636814   231777678
238655637   238813266
238378727   238501192
237067269   237194334
237155271   237284463
228809452   228941121
228871634   229001278
229413835   229541843
231198085   231319707
239281067   239405383
239360237   239488628
238231975   238360509
234391258   234542060
237070385   237200947
215362389   215510262
212322582   212458818
210861721   210995581
210570271   210707331
216774720   216901451
227865036   228046716
223006998   223135760
223220451   223338278
223301630   223424247
213165219   213286838
213369696   213495931
214537235   214664809
216403857   216521239
221766508   221899233
216478303   216610470
218885756   219018578
222844158   222966976
217245992   217381314
221162782   221330979
221333628   221491157
223589543   223730955
225690194   225818199
219804717   219939944
225489387   225620770
224351843   224472056
239585539   239726372
223937796   224066020
219273349   219400072
222595756   222721602
226528311   226642461
225113601   225236032
224569975   224697667
224505639   224638424
225365804   225494187
218362201   218493469
220089113   220232761
216723466   216853756
224883087   225006034
226786419   226912738
228788069   228912242
227749173   227878056
228654755   228788874
216177542   216307669
214156314   214281068
214406023   214538913
217117004   217242674
221498068   221619664
221427847   221557001
219439134   219565099
221120531   221246724
226319714   226448392
220083194   220208298
218080602   218203703
213022146   213172758
216456672   216581867
226909795   227026578
222253482   222377304
221723715   221846143
227591037   227707336
222904466   223044600
216942167   217069976
210964553   211089195
213612958   213741545
222123935   222257018
219889514   220008124
217718683   217836255
218630066   218759612
227975579   228114716
214762786   214901598
214850452   214974716
213938739   214068907
212790761   212940311
215345673   215463996
219571567   219704251
229670553   229792108
221166049   221292234
217415561   217551847
214035409   214157606
217116617   217242341
214062694   214180201
212701312   212833511
227459479   227593489
216093634   216242067
234507457   234638512
234355765   234475651
238293998   238421016
229297759   229423897
233006472   233148741
226302573   226423935
209904080   210031365
224052852   224168280
229414622   229552354
214497964   214611706
212651603   212779668
216537530   216667196
211998683   212134631
221915547   222034483
206900938   207039914
210564540   210694569
220554876   220682218
218759890   218881520
216450614   216580385
214540217   214663938
224390869   224503477
212330931   212454372
213619142   213749552
214248829   214368834
212613784   212735171
221869260   221987622
221939361   222064758
218790441   218911989
222113553   222251183
219861118   219988048
212093519   212217377
217422541   217550658
216752665   216876504
218791604   218924680
224845012   224971058
224372198   224501386
230713236   230842620
224521984   224647335
229645347   229804678
218780420   218929926
218503022   218636471
216332087   216490421
217760324   217891661
225624372   225764895
224899602   225046232
226429461   226561826
225980047   226108456
226599564   226749646
218215685   218379665
220543025   220693567
215106290   215239349
214848564   214970072
226514342   226642958
231793448   231939509
223007297   223129022
229460872   229586968
226043180   226173450
218639108   218772325
224332537   224464554
219988609   220120898
222591947   222738934
223211808   223338137
226521546   226655274
252545418   252707450
254711309   254848565
239006581   239140205
238719787   238860853
240103797   240232259
217591942   217715702
216526265   216646838
226372653   226504666
227274180   227411412
230516129   230643242
225824713   225953955
230158465   230293187
218996209   219120226
221366313   221513642
220182687   220316430
218437719   218579025
223794601   223916502
228820148   228952776
226866235   227000284
224545948   224672018
230425261   230566194
229258714   229395732
221516313   221642186
219141094   219270618
222153043   222282355
226674765   226805738
227311057   227435063
227073351   227201458
229961293   230088358
229614985   229752170
223374945   223501334
222654030   222785959
221058005   221185571
222223258   222355354
228144992   228284915
228391536   228519541
230945503   231069187
226795743   226934418
220401045   220524971
220545431   220674853
210715245   210841908
222532039   222661986
211593824   211711904
218141575   218276078
219104361   219253793
214386692   214517763
213874537   213999161
216754873   216884594
215336705   215479597
