225212649   225502912
221530119   221823113
226674277   226926995
221313888   221570543
226185940   226503110
224436570   224697959
223883181   224123921
223482466   223709833
216776781   217013331
214943725   215196023
217956577   218207649
221883890   222118865
480253083   480489774
224709526   224968542
222816005   223076396
225390991   225638930
222087099   222408372
226720393   226920838
221968432   222187771
218105631   218328569
226153239   226370411
228944622   229151297
244642895   244830783
220882365   221117861
221139665   221329811
216467875   216694854
211632237   211878232
212578654   212785787
223022886   223217086
219501319   219754515
213378854   213568042
219661402   219855722
218017660   218230244
226108392   226335684
209658493   209903202
218125625   218342413
215573690   215775460
217322061   217524756
223209675   223406396
228181950   228386301
230839937   231033930
227581031   227779208
229055193   229255535
234658141   234883388
233305500   233540729
229962241   230172402
231338743   231550219
235531569   235747574
235815112   236009067
231451625   231679394
222398947   222601241
222883726   223089062
230284909   230501693
219354009   219589216
223387637   223647177
237086050   237283911
221756132   221973681
218876464   219089356
223152699   223371579
219838485   220073937
222352527   222572535
223079218   223283896
222410074   222596472
216846338   217047452
219994098   220221536
225078523   225272121
228981635   229189714
218970897   219172147
224094306   224297816
222359582   222529258
221966771   222179408
221903480   222109186
220167617   220371904
234653214   234860803
228052507   228259728
224564001   224791226
220124540   220348663
229792374   230022267
230325975   230544312
229738935   229961613
224101669   224327937
222658300   222879072
229766589   229966248
230866371   231068613
232823189   233037937
236988095   237198468
241999411   242200216
245762427   245955242
222855356   223063561
223686477   223901578
231285261   231482729
224388477   224594412
221606624   221811929
223178816   223391891
221454430   221649364
218673219   218865371
220697443   220909590
230120969   230339808
226615221   226808418
237212429   237439987
230242725   230453328
223517914   223739188
222193810   222380487
220073711   220287248
221055475   221246935
227013426   227212580
223872525   224089161
220654304   220854030
217196088   217388425
221936357   222130807
222618073   222824743
224346401   224560696
230515112   230715990
223057371   223294571
224552211   224772866
225926626   226121312
230573341   230775904
228299250   228500290
232688628   232887948
232530386   232719407
230838230   231034759
235449359   235651956
232545448   232778978
233194523   233416159
236477693   236681059
242969159   243221683
238630320   238853771
221400334   221603458
219615337   219849171
215993899   216225400
217692111   217913180
217295552   217487814
221137395   221314988
212280786   212472519
221628853   221826767
219572128   219786532
217350731   217562294
259531995   259747835
222459218   222644871
214731837   214917598
210522554   210721503
217995456   218191744
214810384   214997917
217547629   217768125
218392146   218576815
216496937   216714025
224893444   225097545
210648885   210870495
214631466   214860531
217547179   217792007
215669581   215890671
219849594   220072939
219077329   219264046
210645408   210833753
211198859   211437529
227219754   227423817
211197062   211400291
217045201   217262814
212036315   212211545
216135501   216331778
217809902   218027357
214765536   214968839
213726124   213968277
223343221   223554091
220184580   220374436
231342894   231597545
223432591   223687365
218287829   218494776
279201513   279402754
221638310   221846566
214777959   215011751
209667969   209887876
250831896   251039004
218832975   219035846
219219123   219426445
218547724   218747248
213601478   213789245
213223502   213427134
219726822   219949053
218092580   218914713
219046129   219298883
228583592   228779215
219550641   219744782
224219023   224430726
220285929   220541906
333453322   333704616
249476961   249688158
218174523   218358581
229029095   229222191
237743085   237935129
218441573   218675116
216580474   216760212
213116515   213292731
215496668   215674405
221508598   229616936
221445963   221638910
232433482   232612662
213150133   213351626
215984945   216173632
219216303   219402430
217026470   217221216
213833411   214008954
214689576   214872927
214266078   214473472
214365000   214584967
216197327   216395559
222008521   222241353
222150754   222342844
217564659   217749722
216798422   216976772
220389081   220570210
222222332   222410159
216305788   216486089
217529539   217712697
225802924   225986357
218315579   218526314
213871670   214075378
211693184   211895944
216199509   216400490
216292423   216479766
220263254   220441266
215163808   215353798
218286098   218484807
219841799   220054557
220069083   220246839
219300243   219497265
214450040   214646412
225167931   225358594
216424884   216618396
223948921   224172603
212199005   212399132
215361060   215550397
216561805   216753436
225456999   225651362
249894659   250079012
216016404   216198946
217996041   218193068
216138745   216331151
222171312   222372611
218930207   219157945
224763700   224989118
215895346   216097692
217872396   218103269
216148525   216362329
210931345   211116811
237628671   237825783
215929611   216107661
222350078   222563721
213495329   213677938
211894928   212120264
219182167   219373887
222510995   222726961
218546391   219339877
227892372   228194295
213020155   213270675
208922620   209106954
210062124   210244765
219902251   220102211
219060567   219235551
215713620   215893080
217505556   217713093
224288960   224493040
217440939   217638684
214190831   214417697
276805197   276986605
214142703   214316530
210804928   210988651
209917933   210126556
211487248   211666823
207638657   207835653
213017594   213218716
213736332   213920529
219437273   219627012
218767274   218969474
210685188   210860677
214522385   214724578
213735853   213939682
213630905   213824696
212338512   212541102
219440357   219629641
224760717   224948495
221065716   221265310
230390758   230585096
229479734   229656602
229926573   230116082
223559346   223748778
227937829   228126936
223133387   223322055
223376606   223563321
230217166   230410381
234052662   234273609
233089225   233275011
233984504   234205962
230774192   230970874
223319531   223500164
227958594   228155900
220553796   220771433
219965356   220154913
223150558   223362764
221177471   221362379
307878595   308078588
244399825   244578775
222764536   222961117
221243289   221425093
223631316   223821767
235799284   236001479
224476856   224674114
227944316   228152679
224664082   224839781
221812176   222014252
222395774   222589678
221275249   221449654
221184139   221381555
248606447   248824665
226531330   226739586
224270000   224447464
218501624   218692969
221913585   222201344
220078417   220260390
222162116   222364716
221494612   221671056
221009001   221194271
220809867   221005693
229779710   229986763
217938777   218126271
220405516   220595871
220672639   220862207
215858571   216042757
219923461   220105606
218394760   218582247
221710522   221895787
215300427   215492176
214974315   215157585
223616500   223790175
221992287   222180970
223132105   223328540
221887578   222073856
224176733   224376408
218834661   219009639
223317356   223503316
289409789   289619152
223488472   223670170
223068797   223257086
223030165   223235075
224879415   225073888
234594337   234783170
223594808   223773720
218189449   218375790
222367232   222555503
221416410   221604703
228033468   228218875
233225247   233416301
229971042   230151297
233727251   233909734
234238288   234421502
224209195   224413265
220108180   220302573
222730329   222925420
222882807   223062064
224824412   225027517
225062308   225268027
223278741   223461120
230111327   230305912
234393692   234586217
235619388   235794507
234703363   234910222
234231061   234420515
236477657   236657664
238057501   238254060
233769164   233951582
233358620   233543456
230611202   230799963
239764779   240014108
232636214   232830279
231563236   231804329
219701517   219872845
226007307   226216295
231989317   232176638
226139477   226337923
227596191   227783202
241654204   241843299
225813418   226027593
233498233   233739658
223664001   223881015
224145540   224320332
225245497   225437515
226008440   226175046
224031090   224207771
223486641   223652751
232028553   232238018
224214015   224396783
226719704   226886043
227023606   227203709
223088404   223252485
224798370   224968988
223606106   223775854
234340700   234516702
225756905   225947472
226167632   226346725
221885555   222068071
223247817   223414534
225836713   226016024
224651611   224807289
223438831   223617826
223132443   223305371
228099485   228268602
222362583   222542484
225634305   225813081
233541415   233716729
224603641   224783114
221543465   221704854
228801526   228987355
223991504   224158811
249388798   249599406
221306909   221475334
219212958   219382695
216844198   217004654
222299576   222494643
218554894   218735399
217507017   217679070
218999879   219175897
226173823   226341609
214755435   214925752
215493698   215661744
215219720   215381284
212449240   212634253
207498490   207658262
213120910   213285389
210687424   210849514
207047719   207218175
212669805   212837325
210592356   210758014
217762259   217943858
242079892   242259981
221073197   221225935
208595203   208756251
207810325   207978923
222424676   222587494
211571589   211736165
210580054   210746151
216978668   217143436
211755505   211925932
217073769   217257837
218266373   218462850
211348201   211507490
205939298   206138251
218579541   218748539
211116236   211293186
213880404   214039613
213321381   213487966
207768209   207934887
218408636   218583693
210098888   210300327
216827488   216989274
215130780   215297433
212010686   212183638
213412513   213576766
218138576   218307391
217250534   217441974
215757832   215971394
217684877   217854826
217924037   218080830
214538174   214701081
210967963   211133173
217890655   218057021
216243279   216429549
212814555   212969685
216168985   216361794
215479385   215665035
217689994   217866380
214837327   214995519
211482160   211649234
213721052   213914501
212862500   213015849
216023609   216181775
217429645   217597975
211205457   211390107
219260605   219416234
210977964   211145726
214049728   214206172
218609265   218778847
221343244   221514186
210194741   210353221
215045500   215207358
217726883   217908855
213039371   213231227
222455399   222621989
215510448   215678282
221252112   221411830
216409326   216581600
219242714   219410041
217615241   217806036
219377726   219579994
220586856   220754293
226305101   226467589
221653174   221836283
218715582   218880755
219908455   220104854
219920731   220090248
224503961   224670302
218103529   218279268
223470205   223631171
219118140   219286571
224465521   224655344
219508151   219698836
221343575   221530135
216567836   216748965
212264403   212427135
225306385   225493593
219985081   220150102
219743404   219918706
209963101   210175361
211353598   211524200
215845810   216036717
217730488   231114683
215536507   215714694
212227481   212396849
215406195   215557074
209798776   209949033
214678125   214852479
217810413   217994150
217520565   217680796
212975589   213136513
214755513   214934151
248824981   249017897
205901248   206051244
220879063   221045182
214610207   214775813
214365436   214539942
219546965   219737058
215098301   215276021
217018456   217193134
213271238   213429934
217168744   217342098
218710858   218854657
209664336   209830003
218138770   218319731
211442060   211618162
211932517   212088086
210926856   211095779
211665819   211838175
212329740   212483409
213769139   213955990
217347168   217511179
217375120   217562577
219974920   220140907
216679263   216847868
238744615   238905030
217414881   217573707
228560906   228739379
228805981   228968336
219207639   219374667
219995046   220172807
216976820   217169269
218764382   218937466
219967414   220137398
225518975   225694719
220338835   220526491
219920019   220095391
225583244   225749246
221779994   221968987
224653345   224831817
217694747   217865303
218145413   218312512
220587209   220750395
219284486   219449557
218285821   218450665
219643068   219826541
222029032   222193537
217779175   217956707
214457015   214636706
216697684   216890523
219654003   219865909
213481580   213646132
217637594   217805328
214427062   214627503
215090817   215247244
214988412   215161489
217186619   217342113
215293002   215472292
214859392   215050448
231746136   231939887
217762416   217938205
214147240   214324589
219510913   219720471
211198017   211381706
212385967   212583162
218671607   218853066
217731280   217890829
211821163   212010931
215268656   215429479
220529745   220690215
213986953   214158567
212638247   212826587
218437476   218613820
224333439   224489716
214365128   214533038
217977179   218157407
216397152   216573968
210739181   210926001
214188833   214362713
211162646   211349079
214822926   214982279
217770095   217943940
209604057   209793077
214842633   215008808
210758647   210913421
215560126   215712785
209960814   210121835
217239750   217415438
212833739   212993113
215443107   215631256
218605652   218777621
215841541   216038902
212473666   212626479
218681291   218861456
213654460   213820281
209962298   210134941
220518086   220698168
217791159   217965588
218455139   218618197
234567690   234723400
217541277   217727696
220760304   220930340
226838656   226996680
224239978   224399507
228684281   228845335
232257654   232430988
222055791   222225809
219638089   219839723
220761450   220929816
219623806   219794074
219576973   219732702
219880186   220042647
221077124   221258512
218334361   218491313
226510732   226678423
220549375   220695942
211811632   211984442
212248732   212409134
213741537   213911707
224025440   224210358
217247470   217412455
220096149   220255247
213362238   213531992
220222456   220395170
220438636   220619172
221612129   221783394
221038152   221216128
216977186   217141943
225222124   225420549
215596286   215754245
220420656   220606639
230137064   230319821
226335524   226508677
246211969   246369871
220316510   220481357
218977695   219154171
225327001   225496567
222406212   222570856
224235998   224412348
220895919   221086434
223063384   223227848
224767124   224935301
221010756   221186154
223590811   223758995
223353744   223520088
219182280   219386617
222096467   222264019
220794873   220959927
219673604   219842283
217721785   217904486
217110202   217273707
220262989   220431146
213826143   214003094
217517890   217673288
216722409   216890397
218309220   218484857
214594619   214753236
218997573   219165620
217192590   217368200
207980230   208150601
210495808   210653390
212954063   213171002
216750471   216939627
208180523   208337481
215406316   215576808
211651905   211819010
211705154   211863489
213625061   213793526
211244538   211414699
212024994   212193318
212714984   212912000
215222850   215389290
213173684   213383051
212192164   212354165
212856186   213041610
208952603   209127340
220274048   220477497
215994690   216176067
219755766   219912423
216325509   216502033
217698305   217859316
218903973   219051963
219454229   219608924
215343185   215498508
218621940   218816641
218257970   218416244
211714137   211889196
220479351   220644633
218195233   218379446
214728296   214884818
220228565   220413854
218420293   218590813
213436176   213648661
213632064   213800996
215138391   215300527
216631877   216795706
220741045   220902874
218359957   218537190
216597580   216761056
220476510   220653986
216254606   216416940
215023968   215188088
273697328   273885839
208541101   208751593
212008066   212176766
213409981   213584969
217470515   217621736
221529487   221711803
213268005   213422230
214421829   214592741
224548999   224726956
213905521   214072739
214285538   214456185
212501695   212656835
216419126   216572151
213931362   214108251
211201981   211366140
219700302   219893505
213284225   213453481
215188466   215364640
218934181   219110578
216954792   217127398
214727001   214912071
213673724   213860389
214922050   215115787
212497394   212652719
214379688   214541027
214437736   214612616
220970418   221157962
218471698   218648222
218294284   218460699
210877492   211076585
214701332   214869592
223495662   223657160
215701915   215901889
213219070   213395273
218247036   218432532
218050048   218234635
218651707   218839533
210138914   210306335
217481090   217660312
217578924   217743814
262223521   262424528
213216586   213384058
225816501   225976082
213463538   213661821
211431961   211607756
216559338   216725145
220103134   220258911
215086073   215261740
213757124   213908939
211382408   211561553
214216455   214378686
214082424   214251386
214677326   214851896
215071979   215233491
220821437   221004713
210572606   210756470
213957988   214140048
216941725   217112892
216020192   216200477
213699456   213845721
221163952   221338711
230501844   230673395
230925735   231090306
233018180   233193787
232101103   232286186
231935458   232105940
235968192   236155416
233939881   234131852
233334823   233509432
231723801   231882988
234955606   235105286
236986662   237146599
234481609   234656147
225255331   225413939
227494804   227680734
216643586   216815960
222749960   222915752
223715902   223895233
218235541   218402315
220650051   220802937
220688243   220850536
221004144   221181925
227787727   227948112
221634441   221792765
222968282   223142029
220728499   220900515
217665732   217845041
217989810   218152779
219643443   219820493
216526310   216684297
220077931   220233854
221803238   221993545
222140429   222295834
221716728   221881315
222289416   222465518
224692432   224852106
221355787   221529842
219615256   219789493
218194215   218367740
234608852   234782863
219305924   219476524
219615371   219795622
216945484   217120452
219686916   219856320
214620869   214781180
218444044   218619601
220953161   221134329
217095813   217248083
214890903   215067939
216844049   217024824
307090428   307342949
222409800   222561796
218814301   218978572
213017863   213219769
219807107   220018692
214374814   214531601
214178415   214357395
214254941   214437479
216700303   216892460
216561031   216734102
220310885   220471099
222922113   223075066
214467437   214625106
217399321   217565894
221462999   221641318
220558551   220740095
220284391   220437632
219744409   219897251
220464831   220634377
221031104   221202134
221872066   222051463
217950333   218113829
215850722   216011570
225479961   225637272
223967235   224148910
228859432   229042688
216840868   217011728
218625686   218782289
217021550   217172296
215197968   215356293
221810171   221972239
220580247   220744925
216978246   217127479
213022757   213209275
233397828   233563580
216665348   216821181
213850225   214035674
215057419   215220172
212820532   212985223
215470442   215646063
215210854   215388043
222213218   222379000
214135325   214300849
210262134   210430139
214678198   214833600
214987847   215132496
218489503   218673402
212392331   212544803
216876333   217028050
210678067   210833632
215675657   215854802
214072100   214224061
217706076   217914625
212967172   213156038
213861063   214054540
213606611   213774186
214132401   214289573
221030133   221181066
249750665   249917937
218301318   218499253
270868909   271027874
222979399   223137102
223605856   223763908
235523307   235688375
232325906   232493254
226162104   226318800
218443942   218609143
217142164   217309436
220701519   220868226
222870677   223040957
220227114   220382039
219402187   219565308
221037084   221206212
220515788   220689101
220425598   220611405
219764510   219947616
219420134   219585738
221235928   221399933
217137038   217289509
223698106   223849874
219342671   219501536
219794519   219958256
225068373   225262208
230267814   230424183
230592074   230754103
499577022   499833051
250802407   250977097
225526360   225677460
233314940   233475315
235179255   235345627
234565973   234724267
231002582   231164890
232518815   232690224
228512198   228678904
229725747   229924739
231316608   231484321
232261730   232424422
228821030   229003420
227387722   227552441
229918383   230070389
235339708   235498530
229759374   229916695
228426239   228581148
228444424   228627903
230106835   230278920
228711685   228892888
243967414   244130704
216023665   216208197
219702444   219898099
216147902   216305741
215452981   215609924
219497993   219678688
218331626   218503871
214228832   214380232
218241845   218409181
219738418   219900840
215857826   216035482
223772405   223951745
215712780   215861956
224543868   224697845
237728837   237895448
221044267   221223442
216705436   216886883
216707946   216865089
221673895   221828021
212311143   212469935
219038908   219212903
213296784   213484715
219784894   219958416
213995017   214174816
220300422   220478663
211436888   211608959
212694046   212847601
216631953   216796052
208907096   209056093
214659433   214817871
213764361   213939435
218371641   218542626
209544078   209702951
216219093   216386190
223238543   223402175
211621306   211777996
213397963   213622564
215284837   215449181
219520857   219694406
212924467   213107437
221154917   221305507
216800674   216955459
215229534   215400393
214027707   214175964
211629031   211792619
210469465   210665880
221507705   221668620
227566111   227735179
230804073   230964803
233128924   233292035
233769828   233936597
225140670   225330827
224102728   224294098
217243601   217429815
216347040   216513950
210032146   210199267
221263543   221428783
215456121   215609960
213528829   213689573
219988020   220148901
220030420   220191900
229045917   229214549
221004552   221180152
224887689   225060891
222010020   222176480
221802125   221972745
225206794   225374339
223000052   223170215
226581899   226744541
227532992   227709746
226234055   226410205
225461254   225619180
224287333   224458530
221187788   221357747
228943521   229106881
224396684   224575570
236528216   236694524
295011343   295169406
227799612   227965687
222257944   222435584
227609927   227777534
220686527   220839554
224161029   224325713
220098595   220273467
217139242   217291221
223431219   223597549
222105685   222287422
222972562   223137012
222579009   222746875
221824149   221990842
221535017   221702062
222842165   223000473
221561722   221742537
221749771   221910115
227737456   227914692
227270341   227438480
231311492   231486568
222798843   222959622
222074913   222245339
220261046   220423894
221204431   221380895
225666322   225854509
215075916   215227004
219262479   219439969
218569055   218720192
218662428   218861589
216515236   216670852
215489398   215654255
221691524   221855006
215793121   215943224
218486592   218654485
216374751   216525695
221839916   221997292
223953209   224119837
222537126   222698443
213662119   213839015
218645465   218815205
239062774   239243754
220501638   220667440
218274591   218435202
211992182   212197901
216175539   216328916
213273656   213437304
218869719   219038274
217811107   217965346
213921239   214078557
215251616   215405128
219876199   220036849
214823440   214989518
212959713   213121175
216718462   216884042
228786452   228962998
244566819   244734848
212396840   212554932
222827069   222992011
219880338   220058326
216454600   216611904
215337202   215508209
215767774   215923946
218836768   219001752
219936994   220092657
213153998   213318601
214748112   214908851
217187568   217342769
216706500   216863638
213307237   213490074
217336684   217500611
225284459   225444501
218755170   218924168
217282619   217451047
213936640   214088161
214452514   214602522
211024621   211208599
218409155   218573108
215818455   215975305
215988760   216163533
217259332   217448788
284646367   284818522
233622715   233790049
233080354   233230513
232335270   232504368
228412912   228585096
232161973   232322776
230265306   230421543
231443818   231614012
229118156   229308166
233166673   233328325
233745519   233933031
235107968   235293953
218515337   218677793
226364314   226530065
219536091   219709928
217077378   217272597
219236820   219396329
215939604   216119746
224179088   224366993
224514343   224690565
221228048   221398431
218048711   218210268
216717794   216872257
219139984   219312688
220155004   220309261
219151589   219314365
218521839   218681970
218197646   218366983
217391506   217570100
218953124   219107406
222664846   222818042
221158847   221331451
222525076   222695072
213437743   213615383
220496402   220689526
214331727   214510715
214076416   214261575
213965304   214133374
218521163   218668481
214751650   214902637
214923013   215086706
216213723   216378669
214453591   214638943
213862326   214041795
215129021   215304009
221293708   221447304
221361648   221533945
221160478   221318598
221604176   221754603
212185061   212332092
221577359   221741415
217289900   217452285
219077920   219241953
218766711   218930729
216909445   217093377
222582553   222753922
222769631   222947660
227823288   227992419
218982632   219170677
218747609   218921732
222665910   222822098
230772472   230928524
227429831   227584910
235214329   235414053
228719930   228911951
241609854   241773827
233033731   233205204
232628958   232790178
228400192   228575687
225543110   225698342
226121892   226282019
227594798   227754731
227217473   227396261
226800362   226984308
220531423   220686327
224218017   224387999
226704126   226868121
227074574   227255387
226638784   226798558
226403594   226580862
222562023   222742483
221929278   222108753
221159031   221344943
222918040   223084674
221487757   221646282
220702102   220874886
223886134   224059180
226825135   226982380
225000847   225183421
225627118   225786766
223881918   224054451
232255525   232426685
223347972   223509468
214730922   214904042
218924827   219083006
222905093   223074556
224348785   224504661
231179580   231333016
221828582   222002962
228223729   228416643
231610837   231775946
231463423   231631685
226468734   226625772
222862023   223017918
224355537   224512517
228596834   228756149
226682152   226847424
226552141   226723218
253892438   254059671
228396298   228572675
227447285   227626539
224967417   225124436
221889365   222048790
226629972   226783310
228249625   228416019
223307447   223462662
221770870   221929963
215905562   216105880
216031221   216194478
220319988   220475097
233717150   233867600
223974425   224133476
212189974   212360861
220803655   220959120
211783509   211956339
216442122   216602921
217434011   217591810
215910291   216067241
212617485   212779451
211049579   211224410
222480462   222629145
218781781   218992267
216271086   216437793
220065930   220243542
211813084   212007716
223110508   223284801
221369925   221529373
220804602   220957438
214849024   215029955
216515427   216664287
221050456   221238121
212402907   212552239
210422281   210588658
211748382   211897526
217279582   217446122
217929440   218119044
225877813   226032075
221285206   221447075
216821174   216986285
225677761   225839902
223479186   223654013
220849625   221010381
215559554   215729962
219697157   219867351
216218842   216425638
217701200   217857658
211573035   211752296
214106902   214256317
218893043   219046420
224323718   224510932
223355123   223542294
213763285   213945366
214495288   214669134
215085477   215249385
214873049   215029355
218647832   218812484
218728648   218897331
218401540   218592548
217765580   217922303
225921009   226078185
219417572   219591793
217720835   217917257
218383038   218554505
221153971   221310513
218219440   218388725
218376144   218544973
223324995   223507857
222154837   222322078
223269788   223449792
220824514   221003579
221407018   221590153
221449029   221629511
225518587   225683278
221522827   221678077
215509993   215663470
215714997   215872132
216133594   216289089
216634988   216810628
217643176   217806830
224103795   224276529
221330655   221516710
222799899   222954719
224046704   224217518
219631164   219783447
216662366   216825492
215048767   215203282
222133492   222307908
218096204   218256699
222273535   222471694
224678536   224852304
222754261   222919184
224149883   224306844
220667110   220823101
220213065   220381760
221888271   222069125
228135780   228295032
222555317   222736867
217961017   218126689
225317913   225490156
219691424   219847462
221587981   221766821
220843522   220997467
219810678   219980494
230733940   230896062
226583552   226752548
220637523   220796973
215467358   215634237
215637168   215805113
224318730   224495000
218956321   219111961
222877875   223055733
211106173   211256304
212187939   212354893
209235628   209382412
213759495   213917357
206679973   206836816
214128875   214297835
219092737   219248184
222722360   222881043
219670044   219834038
213508773   213663245
219058756   219217887
219387221   219569507
215274932   215434179
221738394   221925232
214826062   215005204
207190187   207343595
217432890   217593106
213367924   213516737
212836954   212996032
214158110   214309835
212674768   212842131
215415586   215561784
224127466   224302838
237327936   237525305
248507568   248662791
233453552   233629416
241564557   241720039
228572669   228737812
216966950   217120050
210182980   210354380
216128660   216295480
208770923   208956636
215831571   215986525
214324977   214472652
211569828   211736897
213718595   213875613
216041412   216197344
216944185   217112274
208638385   208789786
222318256   222499313
219444846   219640997
216081898   216277928
219367794   219552060
217227193   217390715
216370454   216534861
209740166   209905688
218320278   218475829
216649590   216825807
212404916   212559123
210684131   210837071
216303962   216474935
214766916   214929109
221550629   221716664
217986325   218132687
215937273   216093035
213119855   213280315
212999499   213177530
217956107   218113012
214885884   215084326
211960567   212136545
215984900   216139535
213316594   213469835
224014596   224180504
209556811   209741442
217971550   218146936
219891116   220040313
214317763   214473934
216085648   216249002
215748508   215905966
214191238   214351882
210732590   210895129
214215230   214362118
211077240   211229700
213113514   213268425
217685522   217847509
211471395   211640026
219781950   219950850
217603343   217767256
216598207   216755559
221585689   221736771
218064004   218213819
219408262   219559480
220770165   220925475
221532632   221718284
221129349   221292508
221072962   221220511
217881551   218049810
215796794   215981271
214106657   214274781
224452706   224613502
222023825   222176950
215837045   215993290
223018537   223193723
216151964   216315322
214785904   214960867
222329351   222494744
223275180   223446684
220894969   221058125
218765413   218926759
222750623   222912556
216015820   216167936
219129640   219305022
218603128   218801730
220170155   220333881
217040571   217211710
214212286   214369035
219790413   219950186
211731984   211892697
224478159   224640862
216775018   216936564
220364388   220524793
221099335   221289265
219956855   220128023
227994642   228171604
234579276   234741256
262022463   262198992
254766696   254933158
241790801   241949628
227563837   227721242
225514396   225670791
223676411   223842913
222017958   222182439
225709020   225885427
222694887   222901494
221358213   221513540
223653693   223817758
226477110   226634794
229052565   229234608
233721996   233913007
232218820   232391387
236014574   236194340
233029611   233198738
235167504   235332164
233592145   233769758
234382579   234545196
232871932   233040883
235317317   235479433
231650523   231810826
235548709   235730228
233879067   234052527
229896948   230065315
224424414   224579221
232289531   232451978
225678285   225835914
220466377   220633918
221022899   221181782
224948974   225118382
224538977   224698219
225750205   225915040
226427359   226591819
222694811   222884502
225095656   225258598
230027848   230182877
221005373   221163396
222307864   222484581
224949056   225115540
245484023   245659034
223264547   223446463
224323222   224492638
223391644   223560646
218402786   218568337
219510397   219668068
222523453   222674246
216652948   216808542
216779270   216939466
214564121   214736374
213733491   213905908
213408605   213572815
215028277   215189761
212599751   212757477
214182249   214335444
213108066   213267006
223154032   223316897
215321094   215471504
216391790   216578604
217959114   218138639
211917726   212076389
216231046   216386178
214574518   214734763
211730811   211878142
215522884   215680889
215365945   215514268
217038041   217211277
217012140   217190872
214715873   214910479
221652095   221815553
222917599   223082130
217040460   217207935
228669832   228834972
214665285   214822439
213142715   213300967
215036648   215205149
215946586   216121065
216423989   216580105
213108555   213271018
217750465   217908386
217036186   217208936
223637797   223816101
217188658   217336700
213676899   213868809
219503987   219653400
214538397   214722518
215159355   215324377
216421692   216589602
216495889   216656067
215291420   215464286
232813536   233029244
217358469   217535249
212401191   212573128
217959067   218116140
215055134   215214322
216780124   216945874
224363531   224542925
229717023   229895231
233440846   233603082
230419754   230581818
231318427   231476166
231183260   231372742
231578064   231732521
227592559   227763194
232275385   232443806
229218086   229383321
229833571   230009797
227680559   227832921
230605566   230766873
226603994   226785858
225104323   225261497
228458694   228609407
210156733   210334784
214554301   214727193
217402701   217574256
212179079   212331054
217417140   217564087
219065850   219253625
214763321   214901047
213897202   214056342
214462941   214631307
216018626   216204328
225343989   225495514
219514948   219688679
213345880   213493912
218583608   218753176
219903851   220071823
218960795   219117774
221465299   221645369
218429629   218580718
218578215   218751091
220579091   220755909
225173290   225350423
222784124   222943369
222933022   223088166
224759123   224911123
220866647   221024373
218546148   218719944
220075723   220231044
219264559   219419477
220935100   221128067
222402462   222576229
222213153   222367576
225049458   225236529
218537955   218695652
221429680   221586461
214520226   214664744
223484497   223649926
223327036   223507762
223431777   223621937
224546632   224714818
221274145   221441924
224121613   224281255
223285045   223452929
221722856   221895354
219455342   219618914
221602423   221786010
220292492   220451929
221341695   221508011
221328310   221484094
223355856   223520655
223560669   223717470
226052247   226206950
221655059   221843390
221901232   222065313
220711178   220861985
225252880   225427493
226108842   226292041
221780970   221942354
217631340   217791354
216814975   216966635
209344416   209499281
224466326   224624813
212272972   212426926
214756467   214917497
213416802   213583763
213294544   213461338
217485641   217661855
213559201   213711569
219105191   219283113
217772590   217925132
217681511   217854543
220389856   220557609
218612371   218772204
218607345   218769710
214782708   214942608
218151832   218307466
218743237   218896109
225376147   225544040
215109654   215258637
217315960   217486865
211125595   211304188
219728329   219881460
225055750   225226850
234068045   234264299
237176233   237371333
233415980   233575681
232884072   233066847
232465195   232632181
226404182   226567499
214377595   214539257
220206210   220361360
219943595   220115812
220438217   220602868
212044363   212226047
216719204   216875935
215759935   215937710
225854157   226007343
218628172   218796962
220545811   220707235
215079999   215243934
213915734   214077682
212305997   212471304
209755796   209921335
212229345   212399280
215515387   215679340
212250438   212419474
222033249   222194147
213430034   213580452
211098537   211260223
215264027   215436869
212036290   212199888
213011424   213185381
209544086   209691226
215754049   215922038
213276153   213447295
213179613   213348655
213518699   213681057
210490977   210642814
214460868   214645655
211398397   211557646
215780858   215960465
219748429   219924796
214887152   215043516
218909682   219070368
215617512   215767683
216459589   216615354
212573780   212721317
216710588   216886906
218544491   218700469
219056764   219225296
223969028   224119843
216140727   216320098
223395467   223558055
220338428   220502484
221448526   221611172
221186784   221376330
223883883   224052005
222199340   222375052
220335172   220499940
226329529   226484136
219944876   220103147
218291982   218450271
220246071   220415105
221836184   222023753
217071583   217241132
216894417   217053008
220451808   220603917
217761850   217929872
218026953   218194584
216388647   216555829
219820410   219973308
219416372   219585576
228802870   228959607
231953943   232112295
221699168   221866981
219147631   219324274
221388191   221562101
225794650   225947003
221351574   221508572
229018427   229216538
227306469   231599586
223297495   223506867
218170487   218367205
225968508   226137564
225289284   225454974
224362897   224539848
221500392   221655000
223097489   223251097
220627384   220782225
227247022   227401669
216020801   216205736
209047085   209215991
217405352   217556558
220023696   220196751
223589001   223761160
217318337   217468147
211557664   211762462
220770131   220921478
216523748   216713977
215394137   215577179
216455581   216628644
228796112   228960462
224571045   224735931
220185058   220360358
223220813   223384396
221118221   221287761
222986174   223145692
226729226   226904346
224573030   224746672
227844381   228030236
223567965   223745277
226454452   226619804
221788925   221979867
222971147   223166054
223969513   224117058
223381674   223580057
224706312   224874765
232320963   232489484
219639972   219793542
219531736   219724666
221323620   221495047
218790976   218960734
229258983   229415076
219208871   219388174
224657532   224827305
221939694   222095917
222996591   223172087
220214393   220381111
222782317   222984566
224628920   224803080
226838303   226994164
223997321   224155628
222824723   223022965
227059227   227213811
227744310   227905002
223271746   223435056
219696250   219868446
221108355   221270944
217903211   218069607
221332630   221493143
216022591   216186827
211024262   211207251
218609507   218769126
217581228   217756226
215010428   215154923
214651621   214797363
217713222   217868387
218727649   218916487
216443767   216621348
221478098   221636135
215881706   216031307
222925507   223098775
218681523   218851649
221643965   221810545
219725565   219874943
219680263   219842658
224145180   224323488
217053485   217227196
221862927   222032708
217705926   217874416
220661193   220845569
217433312   217586775
225179258   225350293
220690265   220862902
221487190   221651691
218950022   219120300
219879541   220041314
225249111   225405728
213734800   213893422
231744954   231905129
217194705   217367022
216968907   217134488
213648956   213824336
216129117   216291857
216762595   216920218
216316302   216465269
217956184   218097817
219044872   219203275
213870251   214028271
215295191   215438142
215712571   215876372
216069904   216218881
212766166   212921640
217370405   217543877
211723691   211888297
224906610   225064099
215427984   215581761
215688396   215836760
219292053   219448950
213032201   213178002
216555137   216725263
212904232   213057889
213980031   214149568
219133595   219292420
218295689   218438348
216732390   216910194
215530655   215679925
217165354   217322141
219720459   219895788
219950479   220113541
216239571   216423215
212926498   213088821
212887439   213054518
216490213   216647785
217348174   217524167
231396344   231573367
231778316   231939748
235506289   235676090
235726390   235888295
232439124   232606409
231987703   232154521
215675210   215868703
215245247   215407669
212321169   212491504
213731696   213896428
219590932   219751868
218524925   218684488
213898335   214080810
208969569   209132836
213966774   214123442
213062214   213277822
218029199   218198440
220451231   220617166
212907827   213056067
214629334   214776209
215319708   215488707
216769149   216907729
212265384   212454170
214510172   214666617
216640457   216810135
217780103   217965185
219947749   220096523
213751163   213917263
213908389   214066244
215331208   215496836
212915619   213079807
210279047   210433417
210476115   210655372
213324558   213504165
214702456   214862745
225843849   226022570
215159217   215308109
211807404   211970267
214147267   214299872
213177441   213322233
215581453   215747800
210946712   211111184
212962511   213125181
211640517   211792315
234490567   234655967
210682569   210834914
207274570   207450247
214404949   214564867
214212110   214368530
219004266   219155371
216508952   216683944
213797273   213983659
211115518   211301757
211223240   211375815
215525442   215685489
209003233   209160845
216683332   216866166
217355012   217511458
221219963   221408326
211779303   211960338
214737265   214899631
217184072   217330379
219665442   219831901
221864457   222012963
223898583   224065554
221930043   222096998
224471264   224638312
222450466   222624682
224856735   225032267
223411150   223569051
222964417   223132661
218697327   218852531
234590611   234771817
215595572   215768862
214584532   214741096
214820144   214974408
215549407   215713284
216117202   216309195
218156642   218326523
220979698   221141148
215512757   215666940
215107989   215259981
213367820   213547238
211955802   212104370
215216490   215366903
218509094   218693814
220404061   220577661
306288518   306455784
226230786   226395550
217932786   218086693
220562432   220717969
209946640   210091408
214056395   214210906
213122476   213270119
216680122   216830908
223520766   223690218
210765449   210952131
214542854   214728688
212957998   213102460
213893163   214070576
216887192   217045659
214248963   214412783
213625277   213770238
214955803   215106633
215377642   215530344
212048339   212206500
216207399   216361243
218395903   218556776
215539395   215706010
216393815   216582126
211075791   211228836
214170270   214323395
214601413   214761832
213805936   213977618
209084729   209248274
214291172   214459330
212216187   212366344
212042827   212187552
218263992   218426429
214437271   214590856
212133886   212284319
212114886   212280974
213966861   214121963
212103065   212252391
208806303   208969298
215097255   215261592
215628547   215790864
216364009   216527410
218315196   218456677
217531393   217709017
215011044   215163322
214552893   214725447
216522154   216687546
211754301   211917373
213057685   213233684
213689091   213852731
216654996   216851581
213803454   213952251
209138975   209325980
213325025   213495770
213458970   213633737
224132431   224297089
219613856   219767936
209697158   209855883
220124195   220305433
220228742   220386176
223284381   223436136
224168855   224335817
224395591   224555957
234778207   234939968
227454477   227626997
215567574   215717628
216194924   216345126
219189388   219348520
221247031   221410237
217846563   217998169
223708245   223870484
222531794   222701650
222783796   222954013
225722586   225894010
219447770   219625782
217749503   217919246
216042038   216194662
213225246   213402639
220966327   221109440
213923603   214086621
219369493   219519975
214585769   214746856
218547483   218753425
211854599   212006843
211924537   212081485
214665030   214833628
215560553   215727566
220837850   220991232
223244440   223390648
214110248   214281470
221877561   222049958
224192761   224384193
214156535   214301362
216557542   216725017
219065335   219209097
216022334   216206171
215607911   215767412
220211540   220365846
219801203   219959566
215406614   215586654
212515056   212665236
223298868   223472337
216300082   216461003
215516928   215668047
218956254   219146959
214980135   215139208
217697354   217860473
215940624   216101166
220882612   221031219
218427290   218600870
216963435   217117166
214300655   214453766
218344504   218494940
214625450   214776780
213509376   213668719
214890378   215036702
215695446   215854529
215481565   215662818
215367933   215570677
217080388   217246082
215365865   215542523
228693857   228858133
219105755   219249875
216034215   216179699
218517305   218719369
214093084   214279031
214536223   214732649
222244929   222410243
217011909   217188785
214963323   215129941
218301161   218464573
216359680   216520985
221955571   222122426
218602615   218739577
220027795   220188350
220097202   220272492
217170218   217342810
219528562   219687021
220993596   221158360
217793105   217969130
219214185   219372038
218692223   218851338
214825650   214982490
218702922   218850810
215890375   216062911
214541794   214713185
215341654   215510866
225224922   225402354
222135596   222304292
218415768   218581988
219994704   220154101
216019342   216177780
218344827   218507858
217765559   217952004
219155322   219315651
218278542   218431852
218274637   218440619
210680924   210832011
212770792   212926713
214085284   214239973
213186112   213344170
207654867   207820804
214705665   214883540
212123724   212278503
211662382   211831012
218079203   218258847
217013849   217179533
219702502   219862754
213300711   213475305
212777312   212958232
221243244   221416316
213863932   214015911
214842345   215000013
216996172   217180419
213848279   214001470
209366957   209551772
209894744   210082429
212250913   212398646
211192981   211350216
210886393   211040825
217726667   217885480
213217663   213411364
218960155   219124566
215553903   215710011
215289240   215450588
215649783   215809049
217591665   217741577
216227196   216381954
219284640   219460819
210467930   210622565
216448485   216598086
213204948   213356525
210866802   211027024
218788138   218933834
210091439   210256884
216871356   217024005
218358226   218525586
211671353   211830870
213991559   214142743
210644296   210806155
212855990   213013795
214632676   214806651
212685078   212867296
213317969   213472209
214008404   214171186
214789719   214959372
215327468   215486863
217925696   218091844
219398960   219560910
219898009   220056801
219979525   220127134
219746142   219923490
217504318   217665120
216402483   216555060
222616663   222805365
222222688   222382031
225684148   225845985
221069146   221242633
249065241   249225421
224932623   225100952
219709870   219872921
225279667   225443339
223890336   224058302
218647463   218811501
211858328   212027829
212770969   212947996
217103298   217259146
212187183   212358462
218424358   218579817
215423142   215583172
214263524   214451813
212633403   212799160
216259339   216421855
214246480   214411647
219601418   219762606
215525966   215700484
215139157   215311009
216033237   216186305
217024084   217189911
225554465   225751719
228537765   228705226
242993861   243166914
234228093   234449728
230109831   230273327
231745762   231920530
232674017   232849094
235704246   235855975
238228129   238385401
230594310   230762199
231672002   231818450
234775050   234940714
232860697   233031066
230918557   231085143
219264461   219444407
225528567   225692743
221873724   222048729
224803469   224971317
220785765   220946743
224038889   224198562
223581457   223763265
230125674   230302077
238826418   239007260
226122252   226284723
225392719   225593442
227353715   227534229
222926758   223096587
221593438   221789638
228838604   228993200
215237238   215385557
218244473   218400734
218635831   218792033
216655967   216813394
222832069   223034304
221866671   222023830
221815973   221990658
219823672   219986213
218316749   218471543
213202443   213352011
214891679   215065527
218571197   218733824
212917222   213078553
214673898   214827695
216236364   216397957
222354395   222517104
214616159   214773451
217367817   217536506
216621351   216777118
218081516   218257444
221221035   221404504
214380339   214542837
225272184   225431333
224265999   224434281
222823811   222995051
218879492   219041419
224491680   224648400
223744392   223906537
224580419   224747915
224313405   224485589
224616918   224799696
220604966   220766218
224347911   224525790
222884628   223038568
223454629   223615274
222246111   222418671
222624208   222794416
220302261   220473096
225207065   225370752
221323716   221496848
223701660   223853358
222424430   222578549
221956510   222110740
215951888   216118334
218491938   218646633
220060126   220225422
223203722   223368631
213687774   213860972
219029486   219186630
218393555   218544765
222603800   222782978
214384015   214537893
211640092   211784370
213225171   213399693
210941872   211092690
210074395   210236315
216596441   216784246
218437407   218595285
215361313   215531566
224361078   224519716
228976574   229142729
223485863   223667557
221997954   222185625
218544505   218716734
221897490   222059436
222659035   222824783
229258186   229410195
234053269   234206621
227850148   228014856
238508540   238668638
228799462   228950787
227249947   227430690
229042426   229211164
230451012   230620685
232527920   232689156
232973734   233134616
226419113   226586199
215082488   215245779
220485211   220659195
219493740   219657208
218813762   218968806
220587408   220755066
221649454   221816028
222470413   222639054
220763937   220924793
215487186   215660279
215064592   215252738
215926426   216072831
215609188   215766013
215736702   215885456
215566391   215778379
215243714   215407070
219072246   219239416
232993185   233170742
219466669   219665748
221162565   221322282
222944169   223105804
215340718   215510993
222341495   222517857
222952095   223129016
224383311   224543121
228660860   228814135
230307508   230465819
223107860   223277798
224657734   224826930
236745057   236917641
233437056   233616158
236796124   236951294
235112916   235286381
233528161   233704865
236046536   236211027
233716453   233888907
234314403   234484151
231371647   231549284
234214498   234379583
229064090   229232039
234693877   234858361
232900705   233073442
233595294   233773933
232885926   233074606
235218647   235375051
231405931   231582929
232320249   232504547
228674729   228858873
230825391   230982158
230409637   230599853
230191415   230351770
233609893   233778304
229569937   229734955
231407066   231559590
235872010   236034137
233190973   233350521
235351151   235499363
233754555   233905450
235981000   236143251
233038576   233191393
236929003   237091128
233237628   233411499
232631234   232785004
236088531   236251844
234458821   234621537
234519287   234673148
232097042   232277178
232763444   232935436
230895895   231092207
231648440   231814043
232874896   233042687
231700543   231887644
234936060   235106103
228733680   228888283
226965150   227150035
227795572   227959272
227267402   227431783
234846082   235010271
229312045   229484338
228310857   228477995
225447849   225612221
228191706   228340434
232543581   232701071
233776275   233945928
233671474   233829023
233992113   234148458
234266693   234445366
236365106   236523181
231579785   231752888
235198527   235354271
231772928   231932829
230518415   230679476
232445117   232613161
227654879   227828995
229378507   229529962
224988319   225174955
227056323   227234168
225349436   225527335
226530957   226708735
229480366   229632445
356247414   356402094
229679996   229830112
228224799   228395291
226030879   226187926
224005566   224179651
224943764   225111762
228729141   228897235
223784982   223929086
224476517   224660612
225638855   225809845
222699729   222850305
222422293   222580387
225680844   225832923
224703820   224876176
224575178   224748327
231208886   231363416
224796826   224971143
223441769   223624346
228309774   228488840
223827295   223987908
219336962   219500609
223079098   223245383
225551549   225712362
223782469   223956116
224699798   224884032
219582110   219735357
219710608   219871747
217979523   218139891
225751589   225910439
224673072   224821848
220005174   220161625
223011945   223182187
225643141   225832802
222140410   222313702
211802178   211957535
213835303   213997336
218298530   218452037
221414489   221595763
219048274   219204138
216295703   216455523
217573692   217738170
221323104   221486338
228059746   228236078
232963347   233128256
231572822   231743424
230688755   230846146
229898202   230060977
233924062   234098856
232530988   232677791
231349597   231502298
231447215   231613413
231982526   232137541
230302281   230456548
233855782   234009786
231594064   231794677
228893243   229067593
229877414   230038830
230919593   231096443
229017293   229191128
232764934   232933344
231440335   231641281
227989541   228136031
227690891   227856525
227205472   227370152
227236971   227396409
226086702   226242778
222398753   222555241
217091507   217256743
220125123   220279046
222139668   222306200
216983253   217140760
218408399   218591481
213731366   213886260
221722196   221889252
209858699   210013984
211098625   211244863
215643645   215799707
210833873   210996780
211121796   211287523
211325491   211478886
215024971   215204315
214363921   214516875
226258337   226415937
219927971   220089812
213253195   213398093
215347436   215500131
212606893   212775119
222551264   222720924
213785745   213958341
220302269   220454900
211938615   212116282
213503973   213667871
212737689   212920416
214499095   214653255
216913920   217082351
219474976   219656963
222125727   222290810
207941840   208094104
217115226   217265351
214499332   214669649
210295523   210441685
210488844   210638424
205262178   205405016
213941704   214120337
207939636   208113612
218799263   218965491
218613980   218770397
216986977   217160564
229552622   229711514
211169631   211323230
213301453   213463943
213430869   213584402
212459774   212620617
215793165   215956199
213723951   213890951
214078738   214244896
209566227   209724213
217094092   217253590
216091888   216236552
211274250   211416348
213607488   213788523
210286919   210443612
219923089   220087459
214099848   214261551
214592765   214749206
208088845   208248708
212152806   212314437
214788773   214962145
216051637   216211376
222526744   222726537
215334282   215495359
212436004   212591677
215367081   215526149
216378465   216523268
212513939   212664273
212351149   212526963
215266754   215434475
211451172   211608350
215172214   215325332
220248097   220410459
220228233   220380362
217789186   217947771
223220636   223380453
221538667   221706127
221494109   221649108
223937076   224087282
225374637   225525217
229170541   229322662
231368590   231538262
234567188   234728039
232766323   232934122
238957234   239111353
236051719   236221811
238166353   238319607
234691863   234846197
225625007   225782984
230219934   230383570
239604369   239765514
243757726   243925081
238595216   238791610
237812889   237969653
227475734   227630288
230420298   230591679
225613546   225772845
231975479   232127790
228660901   228823977
231750826   231904136
233852415   234014594
230127878   230285082
230060284   230214672
232432714   232603741
232883552   233043305
231873216   232033253
232220211   232400598
223104079   223256680
228856847   229017250
229084746   229240968
231219839   231382235
233406671   233557480
235636977   235793720
230269574   230423027
235086060   235245679
235353119   235508809
235895183   236062554
236069164   236223113
236859739   237028367
236503506   236681332
234602927   234750044
234678653   234853737
233580594   233746976
233497367   233652597
233667563   233818278
237512717   237684792
236906313   237081231
238972892   239137953
234995726   235174101
232990772   233140584
228964946   229127979
234371701   234525805
229690829   229865324
228807107   228960462
231446793   231610733
227464996   227631418
227840044   227994368
230117626   230299113
230901110   231059061
224811964   224982131
225143265   225315623
223815987   223995751
219814759   219976034
219532765   219697589
222091860   222257421
220468494   220625902
220659385   220851115
223420056   223573619
222051421   222227809
226305020   226457044
224250200   224408857
224081295   224241919
221760558   221925561
223231793   223410041
225609417   225774010
220862467   221027196
215628226   215780032
221864296   222023669
225706043   225870577
223470823   223631993
224596230   224748835
236163574   236330710
233529708   233719430
230515147   230676936
227628017   227783198
228944025   229096147
224764660   224924089
227701738   227850147
223989213   224142801
223513549   223668931
224448778   224604029
227197537   227365719
229792574   229948484
228299423   228459304
226889669   227043143
228292512   228462220
227041816   227207382
230033041   230190654
228365755   228529272
227573423   227757560
230168953   230329448
230546234   230718139
231526968   231711508
232531547   232694479
232129634   232284933
231263865   231419435
231089371   231258580
223640405   223794414
224118459   224275931
224504263   224688292
218888237   219051026
219632369   219794629
221676990   221828214
224557373   224739878
218058628   218207640
216491122   216645237
217005611   217157869
222389665   222553100
216845429   217011220
214761809   214916701
217771249   217939684
216655679   216821964
212288082   212442993
218816079   218977681
221272940   221435814
218706882   218860425
220930991   221084959
222594459   222759519
224170849   224339310
224841879   225007577
214927959   215101378
224168069   224331187
214772209   214952144
214788295   214944620
221796636   221971051
