217711966   217943149
219373563   219558924
212598311   212776659
223711955   223920805
216461724   216633326
215549811   215718068
217369896   217570453
217904369   218103850
218905729   219124839
221547862   221731444
211363344   211528830
216265365   216444199
225394994   225585910
224546706   224776261
218784888   218987859
215720975   216330435
220000213   220187231
216048170   216219699
219627033   219816651
221184392   221356142
213199036   213382736
225624898   225831042
223350790   223522224
215894321   216099128
221308732   221486907
220039338   220263500
217359843   217551265
216874995   217062728
224541915   224742904
219106545   219277479
218129290   218298185
214811149   214990857
220763014   220943599
213833812   214018127
216302137   216486422
227033957   227715443
214854032   214988278
213467060   213631903
212466527   212610926
220131718   220277379
217145384   217315344
219994351   220133406
218873893   219012676
220968513   221104501
222429430   222578978
218473514   218602927
214774981   214937548
214932893   215070068
220313844   220451222
223206393   223343264
215424330   215559841
214144352   214280546
213608083   213754274
214604279   214739738
219233082   219377152
217279989   217426792
210223069   210370548
216484825   216618847
214684178   214863807
216032155   216200693
216174560   216318062
214288067   214430228
218685737   218821618
216775810   216915398
215821554   215965693
215658691   215794651
211621118   211753451
214827390   214959790
214042970   214187898
213693781   213827305
225311758   225441134
221066287   221199965
219954350   220096114
219333960   219506429
216197571   216328122
215955020   216092070
218443187   218574975
212228486   212373585
220602865   220730621
215413408   215539207
220266904   220397051
213896960   214039617
213872592   214009826
213133882   213263294
212357004   212511371
219076495   219204912
214165347   214311391
219667162   219810390
218563151   218704733
217418960   217549091
215650211   215810189
211952308   212090625
222051611   222209924
211839685   211982935
216626752   216765619
218882521   219013931
214793809   214929767
223158101   223324945
211288927   211413081
222178614   222324024
215071220   215208182
219376549   219541422
214280069   214405544
214962632   215108985
226266258   226406825
219340885   219509566
222251829   222408790
220540175   220695697
226337489   226478471
226428851   226574365
227258993   227396417
235000439   235147662
239815212   239947942
230769920   230920797
229177252   229316776
224414413   224556065
226131135   226264978
223000255   223139102
223796973   223940717
221232771   221370092
224704405   224845781
225139800   225275260
226245699   226394598
221713235   221859914
220660305   220803928
217575963   217731254
222062553   222202427
216144843   216283421
214475839   214611523
212345941   212482185
217334015   217482187
216217197   216363174
216618937   216763351
221977663   222123676
212215622   212346868
215795215   215928685
210761681   211761622
210789346   210930862
217086734   217262235
212555768   212687047
223214407   223360638
216719392   216850006
213562483   213698740
217334936   217468708
216647687   216818909
219053607   219184622
216440398   216582353
213835916   213991630
217113911   217256396
226218753   226356558
219660995   219808921
216280668   216414410
214750678   214912757
213868862   214010121
224599908   224733192
214078409   214209989
216866080   217003506
215435363   215577018
216823620   216959413
212631565   212768679
216142292   216287095
213520508   213662844
216437218   216565630
212742566   212898271
212808591   212941526
214941649   215094713
215054830   215208424
214909133   215062282
210489701   210665291
214303816   214440948
224828400   224966351
253764321   253898905
216559564   216695457
210554921   210714741
212313256   212449432
212135912   212264388
218422325   218560911
216291296   216441647
210874363   211003225
214360296   214487692
219963038   220104504
224154409   224296919
210000663   210150505
214732454   214866544
213704699   213849654
259730955   259865138
216545101   216704192
219969175   220132293
217896629   218049063
217434101   217567438
213188874   213348524
215781996   215913324
220535687   220671658
211302670   211435115
218548249   218699076
220790195   220918127
218037881   218171096
218352532   218488714
219329372   219455897
216113200   216258386
216182438   216364866
216480288   216612198
214173359   214316932
209811028   209936207
213303185   213435718
210369419   210506196
216924221   217057207
219249124   219401023
218791159   218927508
214405439   214538340
216719424   216851714
221491546   221650152
220922556   221067660
225611689   225744592
213590754   213725134
215846784   215987654
215428905   215573466
208092088   208244663
216943338   217076884
212958263   213103843
211907205   212041748
217171204   217309194
216027528   216169075
219908509   220041067
215218869   215369178
218795960   218945302
227338474   227465166
222945200   223079757
217239288   217397685
212963341   213137102
213199556   213334682
218089228   218227652
227503302   227640664
232770520   232931014
230068258   230215672
228371566   228530929
229841119   229980891
228418995   228570328
229561501   229706082
233677707   233816955
267186994   267328623
230163589   230325573
228161288   228291529
230384694   230520005
229426433   229559209
253798301   253949442
230473095   230626360
212965839   213094781
217407904   217543839
216547221   216732278
215180611   215321708
216863881   217013764
213178408   213991816
218905603   219075402
220386822   220552082
208251861   208382449
213535409   213663396
221933040   222065313
225094593   225229745
217258734   217395340
219723184   219860447
216921569   217069137
219382102   219524115
215852929   215998225
221872333   222007160
217518543   217650887
222001983   222152886
221687272   221824064
219882496   220015277
223037130   223199608
217923871   218057778
222161671   222298333
233258819   233404343
226763177   226900298
221072513   221213620
217700699   217835197
222560857   222694969
220405238   220542958
218586592   218746828
224564718   224710217
225309629   225447264
217949679   218080204
220710596   220847036
219785480   219918350
220911976   221078694
233349739   233488133
226930028   227066871
219667888   219815197
221834889   221971507
222804730   222944036
223737802   223884583
223167084   223303487
226244281   226393945
220976937   221110292
223563200   223704890
220628693   220768341
221908732   222047807
219446500   219582323
218567728   218703977
216466246   216604371
217233701   217359632
220708329   220844604
222052392   222195940
224048225   224184095
221561637   221705576
226733129   226868406
226016393   226152264
228645702   228791039
238379295   238516932
217967326   218137940
212903590   213044445
215967600   216107360
220163765   220307095
217031598   217160896
222232736   222371045
215288442   215423078
218684596   218816377
221691557   221829272
214801302   214961030
214932342   215071707
213025385   213174796
216842555   216979519
213477990   213612014
217235998   217387360
213030783   213178516
209410557   209545382
220539342   220666205
211088443   211221861
216478678   216625769
210656745   210786979
220388359   220526070
216209335   216350164
218045696   218201832
222963305   223095475
213520434   213672449
214688774   214831105
217159753   217317050
217210801   217357161
217534859   217695277
211718215   211854339
218611349   218753984
209932029   210082776
212640385   212800268
218739481   218875306
220596372   220735986
218462022   218603879
212853941   213000404
218600093   218742341
223805102   223938596
223142058   223271800
214133683   214299561
214086329   214218177
221176279   221326846
219002423   219134038
213951253   214095918
214590922   214730000
211751024   211879972
214579068   214712531
216198527   216333786
223374087   223540048
221389106   221525647
224090646   224225014
217291757   217426129
219800353   219930307
212930273   213074523
215126123   215259358
215083220   215218053
214757320   214901658
216346781   216488387
214626710   214768008
213231835   213430161
211731931   211870311
210200279   210935627
225892079   226037221
218788262   218958546
210889294   211012714
215066233   215199994
220305633   220439418
213567864   213699576
214831490   214983178
216920063   217064760
234148848   234304725
226353323   226499419
231549815   231718674
227875269   228009952
224456319   224591420
223613839   223757580
219653919   219792317
217593336   217738237
220437727   220572034
222828008   222984006
222439135   222589421
223333104   223474839
221104210   221245703
221900124   222034032
222616355   222752193
219842412   219976580
216813002   216943486
210405217   210539257
220815546   220946831
211930045   212074547
215712058   215866627
210760910   210888718
214778559   214909961
225148255   225279110
222158420   222316785
224103039   224246675
232094355   232225175
232144012   232268618
231668965   231791660
234357549   234490560
234502207   234642974
231562266   231719695
232695553   232844183
234825949   234963821
231806699   231976452
233206768   233341149
232038533   232178544
232946351   233076030
229464868   229594215
219293964   219424714
221135578   221271030
220396504   220541278
219324413   219447433
213052083   213176617
214340523   214475573
220627803   220793398
215510444   215647322
218968751   219123564
216788229   216924185
223022402   223171554
216178387   216324223
219320421   219449180
215125862   215257328
217427516   217551619
217920007   218064380
215625137   215754671
223393724   223578593
215855393   215989340
214895436   215038395
214710172   214833189
211298123   211435232
220566778   220696354
213719191   213847526
219564654   219703024
214161762   214291827
217144351   217303308
214350295   214485834
211671179   211821223
216573194   216705963
209908856   210034292
215252139   215373672
215391867   215547166
214299508   214430049
216565754   216708672
216719880   216866702
217992488   218142974
216262794   216393329
220314652   220428958
218807746   218943890
216151927   216288782
211236650   211365648
214805535   214944892
218092974   218232263
214946121   215084242
211637798   211776944
208461030   208589378
220722311   220851016
218240564   218380271
214664545   214810537
211439188   211576404
214783718   214918500
215040801   215185228
222347759   222472743
218771703   218903481
216234808   216367510
211184731   211313641
214490233   214615965
214944385   215088186
217225685   217361825
218532533   218674272
219298087   219424762
218748660   218882559
222113125   222248211
229809145   229956116
233823119   233964651
236366590   236500096
234331776   234464037
229843146   229995913
231939511   232071788
233521705   233647860
233348347   233479291
231679537   231821515
229069621   229202776
233241039   233394591
231834918   231963866
232338649   232471957
219693932   219831207
219439795   219570063
222924366   223059301
257180599   257342500
224293156   224421362
224535400   224689249
226811070   226929792
228246364   228393007
225402463   225552942
224069305   224201361
226999978   227213758
229058107   229245413
232264092   232395977
224029975   224166833
224268333   224421095
228720600   228845446
222527965   222659695
219847270   219985655
216355420   216485128
223469485   223595079
219458290   219594329
225118761   225248642
222233069   222375725
224254532   224386209
219938150   220098744
221236860   221364593
222019880   222142849
218340381   218465858
225509999   225634603
223623631   223769318
223306292   223447321
220175557   220335117
222140454   222275696
222677665   222825271
223849556   223970324
218699513   218833157
223662231   223794830
223087382   223216799
213895806   214041650
221083437   221213404
215270187   215396179
217091986   217233779
221801908   221946402
218359427   218505637
223219992   223365832
211635241   211764526
219925370   220047294
217741062   217863358
224942795   225070663
224659278   224793626
220470161   220607922
225220200   225346013
224627945   224755923
224799182   224924848
221520005   221664513
221696138   221838551
222370775   222508812
221687876   221835179
220991393   221139392
221853370   221974944
228428441   228561850
227473451   227596235
218155634   218278779
215466387   215593281
212053989   212183845
215122234   215255226
212500635   212627201
218700957   218830125
215963157   216088469
217539308   217663615
213924416   214046267
217555215   217673520
213602561   213728206
218744599   218887604
221073805   221228473
217779852   217905634
225792375   225952913
221513634   221644397
222532318   222655835
214033775   214157954
218387310   218509898
216839055   216973843
217076488   217205573
230304926   230424571
234035972   234164170
232782246   232908989
234981439   235121116
235188195   235341037
231888645   232013524
234241732   234370075
213395196   213513835
216922087   217050094
214937186   215087511
215861629   216036492
214182531   214309592
219626985   219749550
214475386   214599141
214889683   215016933
213423200   213548260
213176367   213309879
211502697   211631296
213783339   213915300
213967728   214104607
214917571   215055054
213319819   213447950
221388879   221513715
216071772   216206227
212504292   212658709
211665738   211788320
216792013   216911010
211480579   211626341
214333840   214460849
214517854   214639730
208963608   209084386
212102824   212254245
219879774   220005305
210875963   211011950
215639501   215766499
217427921   217552476
218509786   218650183
217615507   217738443
215752678   215871890
214386468   214527048
217334230   217463399
224715244   224879573
212024890   212150590
211681495   211805765
214652713   214794214
225637333   225762010
219392999   219521519
217923411   218067794
211588484   211709513
211531720   211660836
218063872   218192808
214668236   214818118
213390256   213535580
215175516   215306371
219922721   220050244
213706382   213863811
218563778   218715175
216144044   216279976
221900234   222030530
216999480   217124750
218050245   218179351
218367002   218494906
213918950   214046049
215425517   215561115
214026352   214179029
215613667   215739333
214512403   214639667
214214614   214332242
222773993   222907702
223374718   223495969
221386355   221521664
220585887   220710559
223042527   223169109
227324973   227449694
231175778   231304083
229731065   229853150
227291519   227418390
228111358   228248693
221719421   221843673
226064618   226200519
223154058   223276830
220519114   220648060
227160524   227299378
227215728   227342950
227693017   227832348
224168579   224314929
236140155   236268492
237106229   237254430
235702542   235827716
232651383   232773812
231471851   231611957
229136071   229265778
230055636   230182216
232396250   232542633
233670769   233811062
234650200   234780954
233417102   233543140
232810325   232933756
227758165   227884066
232446618   232563883
229979366   230111372
234323337   234462873
234384264   234510784
234815173   234947552
234014837   234144673
235146510   235272355
233570503   233702628
233734678   233869929
233943113   234086222
233584625   233710884
232552235   232684551
230641664   230766572
234684104   234806704
229316015   229452860
227983545   228113402
226811020   226939955
230976707   231102551
231959695   232088453
232643655   232778880
232691230   232823617
233384259   233514825
231799380   231935478
229537649   229663727
229535590   229664105
231744960   231879634
232674468   232806460
233103600   233226880
229279229   229423436
223923973   224059708
227135618   227287558
225714235   225844700
227348665   227481062
229705324   229840999
228689065   228818252
230773975   230897731
227534180   227677695
230915737   231041890
226724407   229630081
227153126   227283893
228457098   228598079
231709906   231840784
229687925   229813479
224656104   224783454
227093144   227213600
222717024   222841483
219003316   219149050
225348207   225518566
223694748   223817777
221419020   221542809
221545668   221691534
219363411   219488649
213948241   214074884
216487804   216611640
214890033   215017063
216497897   216622513
215603223   215735630
225179124   225313103
221997471   222131032
217206643   217326097
210361152   210495731
215532108   215654205
219211258   219341123
212834869   212957534
220658467   220791786
211837706   211973469
217184340   217303852
210317767   210453494
213650039   213797984
218038481   218174204
215053594   215172172
217544561   217674307
217696733   217816046
214870065   215010731
216381612   216514320
221227396   221366039
220437285   220588016
223038776   223166399
214070030   214196936
220948595   221073731
222839044   222964763
218858539   218996836
236583566   236721170
236081983   236224448
219300333   219444386
220655222   220784102
220437101   220556528
215107229   215226890
212583795   212703666
213890206   214012823
219430754   219558413
216176982   216331479
209436945   209555641
220890416   221005953
210960662   211093210
220911819   221032554
217763341   217912336
216425087   216562158
220072828   220190562
215391474   215512581
220516374   220671730
219979080   220100399
220522919   220690421
224851135   224989463
220882094   221006500
216449437   216577100
217429991   217562111
219501036   219654091
227362101   227492944
223179463   223321825
216926100   217067691
218076427   218202230
222585876   222710490
219588063   219721920
223830142   223954709
219084510   219206784
224638714   224763726
224798518   224934449
220877089   221028141
215893137   216013948
217595373   217721629
223598451   223739141
214744891   214884632
220559809   220708803
216780969   216925671
224812556   224944827
217422711   217547546
223171547   223294872
217430616   217547935
216685197   216824063
220678434   220799883
226730022   226853320
219725642   219850032
218259245   218384355
218136055   218252255
219277988   219403349
219593429   219724571
218725143   218852373
219780188   219924161
226050672   226166652
223176562   223312129
217397791   217529289
216944441   217069209
223715124   223862673
220530016   220660891
220569692   220707667
215298150   215420061
224481088   224616989
233050448   233175385
229360137   229485528
226003897   226160962
218564420   218707042
213944535   214074998
214656897   214804236
221791673   221925257
224310835   224436985
221370981   221505022
223791202   223916009
215729074   215868440
216272637   216395954
216873426   216995486
215185923   215302944
214711494   214838112
213186253   213302705
217173831   217300686
217426477   217589244
217626225   217757509
214017516   214162557
223614498   223749202
214918530   215036691
214018568   214143651
228270316   228387709
214262422   214422182
213071249   213203941
211847683   211987781
218654629   218792353
217009736   217138110
216375044   216495090
221457595   221587444
217561598   217681881
218268054   218413942
213572031   213732109
219805649   219938830
210334461   210457287
214533519   214654410
216824511   216941575
217776640   217901245
220472195   220594095
219156111   219282953
218680309   218800313
218119243   218236890
217587645   217722370
218203046   218331028
219191660   219326025
223094733   223220027
220875842   221013013
220946255   221071673
214853882   214981434
212825408   212966791
215856085   215981320
215090441   215203808
216777003   216897330
213262225   213393728
216557112   216682718
212091150   212214342
209347146   209500938
223549882   223677097
220307038   220423137
218117613   218249808
213232117   213357145
210255646   210376378
212659553   212795938
217520199   217643534
216573620   216710547
210604892   210735476
208405813   208521936
216801849   216922912
214533899   214667532
211129661   211254953
212650954   212801587
209428758   209551193
211628808   211802229
211053877   211191444
210423858   210555214
217524541   217660822
215910810   216058331
210363375   210488933
211791853   211915027
212776663   212898972
241763663   241924412
214637475   214778101
221174123   221280250
218414316   218533308
212553277   212688467
216159175   216308892
214295178   214417744
207322990   207485998
212077588   212198585
213597301   213716517
211487685   211640709
221882247   222011916
223195901   223329874
220256697   220385175
218339418   218473766
218513021   218640388
230485380   230611541
235578202   235713311
236187237   236322811
227745852   227874525
234563630   234701553
230698641   230836589
232969119   233111527
227385031   227521962
236111894   236241951
235211062   235337536
234593676   234721799
233420199   233573041
235363829   235491909
231360805   231493124
232752039   232879578
232884341   233009660
232704115   232835523
236929295   237083264
233328593   233463218
232024585   232154196
231151760   231291719
233635352   233761932
236291348   236415406
235418630   235565585
233730787   233867242
230399208   230529592
232524261   232668554
234437721   234583357
233989127   234115477
235766232   235922173
234676807   234799113
234486083   234620758
231243185   231371476
229332069   229459713
224244727   224362492
220003985   220138271
222939533   223063588
228160559   228298067
228589361   228716854
224772519   224902938
226131518   226263977
225432326   225559894
225912435   226034736
226396467   226532536
224732458   224858802
228930809   229055052
228849694   228975043
230585234   230711117
229228023   229368957
223550035   223684847
225957062   226086711
225940616   226065012
225623365   225752864
225485826   225618307
224704917   224841141
223927175   224073892
215391064   215526704
220567033   220698291
217787919   217915437
217153943   217283557
219204130   219329516
213151405   213285459
212886787   213026023
219817631   219960516
215766685   215890350
210980836   211106700
212871591   213019908
223719895   223842673
224708411   224835057
221757542   221885283
224346757   224484448
222497411   222627717
228324747   228448386
224426251   224548602
227055224   227185000
225538132   225666022
228199833   228326277
229721322   229854196
224015606   224144806
222712018   222832171
226591749   226737694
224295502   224421042
222061425   222207999
225775884   225916195
241267402   241424908
231953141   232077798
228638310   228771810
218501242   218632729
222008056   222140985
219583878   219710049
220995710   221133698
217351140   217474031
222521789   222657138
293952002   294078187
217672946   217796981
219044253   219167851
220453705   220578620
216680599   216815153
218085065   218219306
219999375   220120861
217492310   217619758
219407040   219530741
214899302   215027748
215739428   215864093
214137286   214259860
224775104   224905106
223781814   223920870
224058743   224170764
220968138   221093320
220262779   220388358
223041770   223160145
221637212   221759100
225592437   225729346
222103173   222224505
219179142   219301506
220383939   220518287
222131943   222265930
223784599   223911105
225835898   225956400
223818369   223932475
221251638   221379030
222658188   222802157
221764865   221894563
220159102   220271400
209448145   209567247
216656250   216783081
214119501   214243405
215217719   215346293
221793006   221922513
213803979   213924173
215543195   215666666
210873376   211008961
215340151   215464785
215073343   215197028
214783686   214906939
215541432   215668984
215933478   216068581
221659729   221786311
221169334   221293904
222510849   222659641
222542631   222683813
219935372   220066119
225585518   225724190
220664270   220788810
223264030   223395148
222122053   222265308
224761815   224884754
221816031   221959072
221375272   221509430
218411846   218559056
222014945   222143272
222962962   223086787
219310693   219432286
220938509   221080428
219535462   219671413
219013433   219153796
222631088   222767719
227840530   227976081
224273146   224390348
209676385   209830475
214818884   214961430
209441249   209568754
216376412   216503262
218222964   218349472
217843782   217966307
213685804   213820545
209132696   209257717
211072692   211200932
218103617   218240890
210438664   210561543
209867563   209984248
215543969   215714272
215410028   215531206
212949545   213072028
218347835   218476768
217273522   217436093
212189203   212328614
211352183   211511181
215542172   215669316
217751548   220653632
218033108   218160280
222218627   222352712
220176845   220300637
219534623   219687156
207636787   207754821
213406913   213539941
213183299   213323885
208529297   208662564
215899055   216021753
213773450   213902619
219738410   219871517
221777582   221921150
223144194   223278823
220640418   220786152
220451817   220590585
214042463   214167285
215912948   216053264
226633807   226764373
212648868   212785792
217532384   217652191
212153589   212276298
216040746   216160162
211820801   211940611
225116521   225241087
220372479   220502403
218001983   218117756
215636415   215761429
209932893   210055191
212616453   212774838
210905920   211039614
212958707   213091496
213844014   213967733
210948681   211087790
216296838   216434936
214015691   214144357
214592883   214714123
211228350   211354364
214823607   214945656
213569186   213690699
217397909   217549432
219314761   219476410
216270992   216409419
218367868   218494255
212311178   212444896
221304533   221431998
214129818   214253478
216945429   217065103
217940399   218068208
215306832   215458199
217173220   217300298
214456110   214591302
212163030   212292689
217129068   217260124
217608780   217754870
214611547   214731357
213161950   213314007
211041812   211171473
221167870   221315625
216263691   216391621
219230092   219358177
220984655   221105064
219675321   219801209
223259859   223397513
224373006   224507615
218726591   218862914
221542999   221663771
217459807   217600996
219711165   219836705
221016155   221174494
220659592   220803134
225982533   226119416
219989498   220132902
218156016   218276967
215959537   216091090
224180465   224307341
224874955   224998888
217690761   217816335
216815116   216940052
219100669   219230914
217838123   217964186
215171958   215329241
218797847   218937223
224430430   224565071
221093733   221219750
216614335   216750894
220131867   220258925
225957913   226083518
224444215   224573051
222446683   222600198
221916466   222043672
225555005   225684105
239458131   239587876
245894061   246025419
237940542   238065950
230997167   231121427
221416403   221539315
222758982   222884224
221407213   221551390
225180567   225306885
222830254   222962883
220988407   221123200
220425444   220555752
224880247   225013885
223271476   223401550
224152841   224278793
223502320   223625553
217484654   217611156
224081985   224209247
231369023   231498046
228219785   228349090
228407714   228533841
227849041   227991465
233462639   233592710
230882919   231012673
233890305   234006872
232051614   232176147
232871752   233000948
234116498   234243080
231764082   231897930
232858505   232984017
226688434   226813477
221375957   221491849
209737934   209859736
217778649   217940650
217633516   217818413
214638317   214773949
210027657   210146347
211800298   211919561
212810243   212959037
214379616   214499161
219903694   220030830
209739954   209864405
217626736   217748601
220685186   220809153
224195790   224329372
233263877   233397968
233666230   233793383
233319522   233453058
231454509   231602769
232345534   232469521
230812448   230956166
232850929   232982884
232635851   232773609
233819762   233946319
233508255   233643468
232253685   232379624
231766623   231897748
229523974   229649674
223795675   223945733
220530476   220651716
222756351   222876766
221160694   221303329
228777006   228932036
219626747   219780613
224341447   224478950
215821641   215956944
217860998   217990883
222033144   222157169
221230154   221364071
221011613   221145646
220022061   220148173
221067106   221191697
221223807   221373039
221843136   221984952
219367537   219493606
222178502   222309205
223817979   223965525
221718095   221842468
219381392   219532509
223503768   223633020
218722504   218858712
222136820   222292475
224769872   224911468
224108821   224238978
219575832   219698140
221849420   222003210
222608791   222746020
225028509   225178517
217917932   218065572
219579377   219711669
215843126   215976488
218208146   218338100
217817888   217948824
212153418   212285094
217318239   217460475
216010179   216136271
219089151   219218510
219401133   219524106
219193826   219319482
217041019   217167078
217160007   217298671
216560828   216735716
215578963   215706910
222343544   222469398
218422556   218560961
222073557   222201993
217866703   217999584
221370650   221509619
221373912   221515885
222611568   222762730
214935786   215063257
211754010   211912587
215734815   215863113
214189936   214327511
227388811   227510063
229236859   229372817
235262786   235385298
233359570   233513831
236914277   237040051
234047543   234167758
235254936   235406007
216178159   216289644
220971245   221094401
218774159   218896979
216933056   217059810
214096350   214237735
208384851   208510778
212722851   212851070
208817010   208966993
214727175   214847852
223919805   224063796
213663249   213795989
211426311   211549669
215783761   215922166
216557935   216687037
212768071   212905191
215252818   215384475
217561990   217689771
220180538   220317186
213580248   213720709
212797767   212928400
213208984   213348860
210981637   211119041
220102162   220230512
218467107   218604779
219145519   219295089
213906926   214067319
217614383   217749531
221985498   222110966
216449650   216565476
215181394   215314392
215561134   215705215
216058956   216197397
222590849   222719543
214347254   214465158
221400199   221520425
211640834   211760733
214970732   215101678
212663098   212790515
214327664   214463448
224128510   224263629
216252553   216393282
218058291   218207760
212934736   213050102
215296479   215424636
221574638   221705630
212888968   213018040
217872415   217979225
213071684   213208011
215979618   216114918
216791579   216920977
217086239   217210059
213340490   213466435
215810032   215953337
213499539   213621625
211820644   211943994
226879759   227006293
220340260   220476608
216333100   216463612
209073104   209212524
212448099   212574331
215246753   215381814
207821670   207943439
216628153   216753007
215931164   216065490
214922105   215072124
213603871   213743234
214144623   214270309
214455620   214601193
214819209   214940637
215917299   216056496
213814568   213934692
215142721   215291743
219171624   219297471
216102522   216226359
220130134   220291259
214579860   214716847
217108654   217234148
211252639   211382522
225406946   225534473
219755755   219883654
212898874   213021049
211803940   211928908
211444001   211563109
214400455   214528644
213674775   213805603
220796238   220928210
217020590   217146743
221422425   221552477
216131257   216249565
213425690   213550898
217328022   217450769
213698554   213823368
219662521   219797865
243841006   243975344
218783627   218911872
209164574   209297512
209203427   209329565
213686922   213816876
213924656   214064457
217247919   217387750
215938676   216057947
224206894   224349884
212350257   212475818
210114837   210234894
213513652   213639160
210822492   210944780
214532623   214682456
215117557   215242582
215888163   216023784
211471282   211605264
211242687   211377592
216708918   216863738
211806104   211932002
209922674   210059601
220087029   220209786
219660019   219813308
216899782   217025547
215674638   215803814
215316831   215444717
216264466   216404264
218346434   218484981
214757376   214906660
213934973   214075941
209652318   209782709
210576317   210700041
213099560   213220015
212238302   212398670
216652973   216774323
209472088   209615907
213448038   213562199
214290085   214415998
217181771   217325405
215473532   215601623
220543905   220671710
218254028   218387923
217763484   217890492
220791781   220930978
218417197   218545839
219153320   219281080
216389565   216524840
214748514   214892434
216194472   216331780
214803803   214925194
214601476   214723583
207201074   207325055
215933347   216067183
213424621   213548871
212297968   212420207
225608024   225743461
217323072   217449226
219856029   219989656
218898274   219021384
222935476   223060865
228158675   228292163
233647769   233772023
232049097   232178712
228682360   228808087
222396435   222528467
227363589   227492573
223329934   223455413
220418176   220543617
222518439   222643544
221691998   221820567
222976078   223135367
220291233   220416363
223916692   224049893
224532886   224664787
222489329   222617124
224734282   224857436
216944565   217086766
221410789   221530749
214479427   214597164
216118774   216271581
211479714   211636329
211914226   214789738
213364633   213490338
215079791   215239169
226488689   226613301
213752195   213875909
214611502   214734089
219467013   219606700
214554380   214701407
219161034   219288444
216861829   216984805
217417310   217536433
210217414   210339360
213231507   213385662
213346267   213466907
222368263   222494998
226645168   226775061
233304589   233453014
231874514   232023335
233071957   233195014
242396868   242536139
232228265   232356119
233702663   233839208
232321009   232442076
231253731   231379417
230634180   230768877
235175317   235301431
234939104   235081515
227073336   227194349
225091923   225229747
212876558   213003227
221197126   221323770
215647119   215786431
214435617   214564593
214335980   214466583
215250976   215379795
230916205   231045124
215439368   215570986
216644686   216786649
209687250   209826133
221403389   221534941
212015491   212140930
218103006   218233084
209181855   209314099
211206467   211342314
214925558   215089888
216060084   216193562
220699249   220816532
212154240   212273292
220751165   220889846
216642880   216762435
212733338   212868197
214777359   214899958
213583643   213705255
217147189   217269397
214504712   214629767
221380703   221499181
213291096   213421081
217260557   217384432
218067995   218195834
218503559   218629787
214310824   214429024
217767229   217894824
216641996   216766800
222456494   222591127
224472301   224620263
216206542   216332112
221631550   221766807
214527303   214645922
217958893   218075901
210619794   210753189
207883180   208029176
215189152   215333940
210282340   210421361
215475421   215610152
211366984   211493590
216239224   216368764
211704482   211821216
214179319   214307061
213593850   213728316
213754471   213868871
212906086   213038842
214543687   214663596
214026520   214189735
225456851   225584339
219294102   219421675
217239751   217361533
215807677   215954651
217768467   217898759
219287451   219411868
220549118   220669796
215471257   215618502
211960819   212095216
213676182   213796941
214403348   214524839
220022744   220141888
219627185   219759846
214954613   215090997
215639818   215772338
216008565   216137748
214126682   214251281
215953450   216110237
218107162   218252402
210136324   210269146
210166339   210301151
214989089   215125530
211882033   212017260
216888377   217013751
210567522   210687275
214592166   214731756
216861569   217037035
211081183   211210221
221628762   221760743
212670175   212798422
213764709   213893128
218718083   218843310
220942888   221070941
219037873   219185484
224880789   225032106
224787738   224923013
215577398   215719114
214410036   214536866
210340759   210460386
211552166   211689013
206831686   206955211
218979172   219102108
226407355   226534707
222557111   222691131
215198197   215326288
215244616   215369077
221754702   221877968
219359101   219481168
221765525   221887781
213783119   213907630
213623754   213749846
225267422   225389176
233571697   233703588
234686610   234826411
233418301   233558313
230409332   230533182
232550733   232677418
232881239   233038170
230230165   230352086
232458334   232591499
233482824   233606155
231774169   231923041
234662718   234798234
234602310   234727070
225187744   225306849
213744270   213868681
221226841   221360949
224965442   225086282
224197720   224322633
221848579   221968701
224598940   224726723
221403629   221525373
219647610   219772809
226534207   226666685
220126582   220255499
220055182   220183593
221077924   221225544
224402583   224540117
222797281   222925293
232190768   232314544
226510550   226647361
226907915   227050731
225533750   225664366
223204513   223346135
226068118   226206005
225608193   225740636
224122358   224235191
221111837   221241514
224143707   224269379
224544425   224668099
222972843   223097890
227346099   227479474
225490415   225631107
228598103   228728217
226480067   226618923
236221721   236349928
223842359   223986958
225211561   225343190
222165611   222294850
224551162   224678097
222008869   222148645
223568827   223693960
222346825   222496637
221145383   221291791
221391636   221510143
215765591   215893941
219617344   219746316
216843081   216985631
224388651   224508159
215345663   218371929
212882750   213006943
219073190   219217915
215347906   215491137
219427583   219561767
216391446   216515009
220666849   220797446
218723125   218865066
225020196   225146134
220308027   220435276
221658199   221812320
219734275   219868032
220399722   220532408
219567802   219710064
219039774   219183254
226431948   226554188
227660539   227790349
217486536   217608183
215483257   215606163
210723483   210845192
218066511   218186435
215333755   215480693
216291004   216411952
217645961   217767195
217507615   217656840
212133713   212254274
217696681   217826740
218841514   218977474
215050736   215182554
214958861   215083249
211359143   211484186
225894164   226018209
214405956   214545128
221076882   221197134
216108900   216249885
211655105   211809114
216742272   216882030
214077249   214208046
219833523   219957789
219837244   219999768
217952170   218079863
214715402   214853297
209243258   209389772
216876953   217005559
214435111   214570890
217348949   217468687
220906619   221033231
224216944   224370778
218123901   218253506
216000673   216129978
214073941   214210959
213605645   213723943
214403627   214526405
217223731   217346326
218998979   219136845
219839431   219992142
214845634   214976264
222842740   222967624
221318209   221446874
224513972   224650711
223022396   223149704
228037814   228164833
227968925   228103076
223696042   223830415
225247516   225379564
226595676   226726746
222804240   222943091
223185658   223318822
225079374   225202404
223137987   223269693
221849171   221980522
220897381   221024481
223006893   223149804
222795174   222926679
221935451   222068730
218791447   218930140
216216923   216355099
221134363   221277430
215450508   215587616
220053875   220209009
219239639   219373018
216685206   216820416
218872280   218992551
219107511   219266192
219557818   219678896
216200130   216338870
217372834   217486201
215242239   215365744
223612340   223745524
215926789   216053726
221475595   221599703
220260944   220407005
214188221   214310549
218895163   219020515
220432612   220557066
218714263   218836448
211330816   211454720
221711297   221844878
218153756   218281414
213888713   214018640
223174663   223306510
219973318   220109099
213166205   213296798
212533784   212659995
212454229   212581861
232264749   232393281
213897384   214027660
213826730   213944827
210644004   210763121
213089688   213229171
215073132   215211034
212059765   212185374
208998676   209120159
210409305   210524319
212667386   212795360
211741368   211881185
215912730   216036355
216848555   216980478
218747616   218908981
216086800   216210833
217187779   217331715
219045659   219196348
213687486   213847276
220189955   220319748
215721071   215849752
217681195   217833329
212996666   213119551
215107314   215241917
217672123   217810438
212353866   212472269
218290750   218441337
215958353   216100285
217944271   218097383
216234363   216380544
221842496   221984554
218026264   218147434
219484970   219613066
220836078   220958404
219895219   220027657
222745331   222876887
223157415   223287367
222656134   222804917
218523626   218671903
218777860   218903522
211157265   211296509
210989567   211117671
219411387   219560398
211554321   211681260
215841074   215994616
213428641   213563592
210477914   210625614
221172684   221317829
217092049   217209498
219855879   219976359
211527128   211664791
215381185   215510870
212624858   212751022
213354528   213477181
214290131   214419424
213282970   213406505
212704550   212841014
215994010   216119433
216457479   216580229
209641290   209769918
214722063   214843708
217250359   217388375
223044103   223184804
229095296   229228488
234218870   234343810
231323467   231451268
231143004   231274686
229321141   229449193
230766728   230903924
231510312   231643081
231626621   231754993
233095078   233232394
234781337   234929473
231975515   232103733
234927474   235055177
234825503   234969962
230630515   230753666
219947697   220079546
220377354   220500207
219027728   219158707
220619715   220746581
219763016   219895394
223758102   223891486
224553120   224695701
222718326   222850894
218295831   218423283
221116797   221242322
223389279   223526421
224226769   224369990
225273478   225392260
223611291   223749910
224959586   225079485
223149471   223277796
228450521   228581519
226432414   226569978
224786773   224911561
221417943   221547463
221587027   221725791
223368677   223497007
221495502   221629793
231552018   231682359
225743067   225871909
224270038   224402507
218735503   218862956
222644685   222774698
223712106   223838464
224462375   224596684
223822292   223946513
220033405   220160138
220533191   220657047
216785219   216909163
219100613   219228877
216411838   216537643
215894780   216024923
222999259   223124299
223990440   224120265
226137915   226264702
222085601   222219773
223013513   223151948
221383370   221511517
225673988   225795852
222314150   222445533
228277154   228395750
222033870   222158373
220263648   220391418
225769254   225892892
220993677   221119573
220420627   220544988
212654194   212775093
222226397   222364977
211857362   211986461
215269916   215412777
224272297   224396315
222610525   222738110
219392174   219541782
214580438   214703687
212579456   212697736
218706379   218832725
221421485   221564242
229890995   230016131
222980086   223108238
217005962   217133475
217072374   217210629
220085436   220196490
213356176   213484103
216746553   216895378
214460300   214583689
215791855   215918966
227147612   227272458
212155288   212288584
218735598   218872678
215032553   215158905
211610520   211742980
215457052   215583571
213089755   213221895
223243035   223367191
209872316   209992576
212416222   212541680
212279555   212420895
214272628   214395652
211156205   211288499
222544017   222678477
234113640   234245425
233466813   233606460
232130691   232252941
231260551   231387860
233893441   234021725
230846614   230965541
216940592   217064886
211778380   211899827
212895046   213020472
218196439   218321919
211898541   212022688
211759712   211875925
208410984   208534193
215418688   215537926
211005539   211139939
218904947   219037698
210971961   211090631
211460784   211591092
217597132   217732719
213984292   214110975
213118139   213258675
210395449   210526370
214240784   214358388
215398722   215518163
210726341   210848550
214054104   214181213
217264367   217396734
216893733   217030579
217119435   217244594
222780934   222918466
222533031   222656664
220840030   220980963
219404351   219521377
215454441   215569993
222869962   222992013
222007685   222119847
213819040   213954290
213914733   214041938
220800002   220931145
212865953   212989931
211799744   211917975
215380703   215532123
209312750   209427334
210961726   211098509
211255435   211399916
213595907   213726271
221598795   221720853
215679347   215799777
213188320   213308159
208413706   208532513
213324439   213456036
210006825   210152189
217973059   218104211
218768219   218889059
219477938   219606063
220778399   220952590
218623688   218760137
222578324   222703177
208994669   209112996
219746554   219864986
211881418   212015906
214666682   214794237
222833983   222962148
215899976   216059855
219810257   219943746
216685651   216812650
222413359   222528579
234124456   234258796
242379587   242515038
263637253   263764749
250956132   251083645
226093491   226227582
221312452   221437414
222097964   222228524
221830629   221960788
222688647   222831584
222236440   222366102
220789280   220914959
219592094   219724656
221980892   222107107
223411943   223540438
218513452   218677791
218038077   218169196
219921776   220070759
220794144   220918546
215507418   215634241
225505733   225656124
211341442   211474500
213688549   213825425
212828208   212940214
213236050   213359854
221823585   221952141
217720032   217850836
216362641   216491500
213622765   213759875
218907165   219085544
220912820   221033236
219331437   219484134
221375403   221529814
212952268   213104332
217568506   217696025
218371394   218501316
213239654   213366849
215112111   215238856
217266300   217388599
215952086   216078166
217329092   217447404
226046629   226173334
226155972   226288301
217240208   217365087
215001386   215122994
216115834   216270104
221442855   221570760
217178265   217313284
221409002   221525948
213934665   214060159
221530306   221654897
217394802   217552093
216769930   216929838
213561400   216507048
217418700   217531323
216333813   216498058
219595294   219730893
216915844   217054059
213458525   213606077
215591604   215713593
216493298   216630058
222944076   223072033
218515422   218644713
214190907   214313524
215359992   215497590
214177161   214312504
216078229   216200577
212565899   212683541
216080535   216195976
214862705   214993084
213572389   213696534
215436483   215572682
216861827   216987238
214518456   214645836
214328260   214450313
215812693   215951656
214565122   214689600
220077599   220201383
212712798   212835654
207757645   207894153
210343523   210462039
215850648   215962581
218911714   219045732
212340569   212451410
218922180   219048305
214876416   215024486
213982303   214102459
217353510   217529304
219645957   219798538
218139346   218262911
212945106   213074430
212256601   212378420
212609811   212744288
220346407   220467105
225983861   226119231
211813227   211926543
211280574   211402472
213241392   213387750
220838448   221003016
211764556   211886401
213004189   213130049
214911166   215061678
217796378   217942031
216531952   216653780
214987723   215112779
221098101   221224954
213475321   213598287
220478288   220615296
219243662   219384985
214720655   214843789
218782527   218909897
212690240   212817459
217674537   217805160
208911363   209035101
216452064   216583332
218078894   218203965
210814182   210944274
217380211   217509245
214199202   214327443
225736637   225869975
217832987   217955310
220896847   221031798
221764686   221890652
226326436   226458677
223014748   223137364
218985268   219122379
224203956   224331251
224386709   224530072
223039005   223161488
222744007   222867330
222812149   222942192
228881980   228995978
224597595   224731464
218856952   218976574
215629409   215750007
223106172   223240335
219158304   219287496
218294436   218440429
219563904   219691627
220686184   220813487
223245913   223365134
221653810   221785259
220812851   220932395
215791368   215916131
217707600   217824498
212182111   212300029
220368166   220498541
220499041   220628777
214343160   214469881
218780656   218918700
212752388   212913313
220851112   220965614
218555902   218681259
222161355   222278648
221400875   221525986
222800724   222940547
217718054   217847025
219086815   219204829
222266480   222403032
219550406   219664997
215886012   216014327
217772715   217895197
220266908   220396271
221009006   221134683
217813004   217938509
224073367   224200667
219742405   219878966
227351492   227477540
224206666   224335228
225307898   225458402
222877882   223009986
224284489   224439297
223401652   223525533
225409307   225566314
221197816   221336457
221093527   221227053
220987140   221108165
220735328   220863842
228155427   228305841
227338748   227465095
220591275   220723240
218267186   218417555
217324760   217453540
215859137   215992955
211063643   211192089
222747056   222897956
226391256   226545890
222295374   222440551
215926366   216046180
214325328   214457102
217677914   217817869
213424926   213548609
216246379   216374936
214021717   214147005
214508866   214631212
215699393   215829738
220381444   220508550
216231995   216354823
219826004   219956631
217957434   218080286
216405124   216545358
228451561   228568288
212593285   212714706
212453207   212575639
210292629   210432254
213638293   213776513
212453614   212576272
213192119   213307646
223304790   223428588
218911478   219038084
212980505   213134714
211051852   211176846
208653307   208778554
213261340   213385367
211834507   211963617
223628376   223751376
211385893   211505678
215531368   215657740
216871210   216998333
214185405   214303850
211579995   211699858
209513470   209674011
217175194   217306443
213057646   213182977
225851500   225978899
216271447   216409442
216384263   216510048
214635877   214768720
215502469   215635431
218122018   218243065
215392191   215538815
214445724   214571187
215727540   215876210
215532757   215670120
214869513   214997770
214192740   214314944
219160321   219289221
217130223   217286835
222822584   222954692
219810917   219939484
218862444   218996011
218717922   218844151
221607523   221735858
219976320   220104171
222818716   222938108
215280295   215406889
218757131   218888211
224585823   224710596
216577236   216726103
218526594   218654196
218645651   218791758
218963170   219096700
219224690   219351302
217145104   217278363
219479092   219613823
220665391   220793387
219199528   219318931
213104379   213230307
214219117   214348415
218013803   218141480
212914288   213053071
222707935   222815524
215985491   216111363
216208233   216353591
214455033   214594721
215950214   216074152
215415745   215553934
214836127   214958133
214562186   214698209
210470578   210607293
226900348   227036416
225156669   225294648
219140416   219285394
219932093   220051777
222252226   222385426
224412792   224545840
229625329   229754220
237805895   237940544
243288955   243414643
236490952   236619763
228126900   228248490
245220177   245346370
217944775   218081845
221718014   221845515
223311742   223457328
223501867   223639861
219947215   220077775
217020349   217162087
222191903   222326079
219458258   219575802
219431579   219567701
222120664   222248918
224781530   224949822
212066401   212193197
215324894   215475162
218779994   218905978
217264727   217408580
215847876   215994630
223443311   223572869
222958122   223089948
220490303   220622674
222902264   223044475
216925235   217050850
218519441   218638754
224443211   224570592
218837569   218966665
224912682   225048072
226305117   226422633
224413387   224572837
225735723   225868672
220440207   220585487
220720868   220843253
223016345   223157960
217390473   217520299
219535282   219658227
227359699   227493900
225561354   225703085
225999384   226150871
229991069   230122243
229052884   229188416
227936960   228069281
227066751   227196039
229326699   229458278
230384193   230517616
234626755   234758890
232970842   233101125
233665145   233801761
233376710   233503130
232120843   232260271
232732028   232867877
232812424   232942552
229888044   230025318
220441461   220580516
213554562   213681735
215950131   216074996
216247845   216377051
213802198   213935668
218659227   218809160
214155415   214279471
216181347   216333835
209676157   209801333
215811105   215954541
215298648   215440246
216758709   216879021
218349831   218472968
222045633   222190730
219090966   219215966
218155467   218295494
222486774   222608536
220761727   220915655
225047146   225167331
220134373   220281725
225034109   225150335
222855044   222978368
217923684   218060767
222442217   222567114
220213831   220356710
223725851   223846633
214630153   214758580
217475063   217604821
217243274   217361673
217933055   218053634
217309372   217434803
218039573   218165565
216670697   216803284
216467156   216586674
216421244   216543101
222942422   223070095
227702419   227842387
231703392   231830334
229258286   229386109
232227796   232373076
228377269   228521932
231251170   231379445
232117015   232244562
231060478   231178527
229807220   229958240
232685710   232804157
238994915   239127035
239921074   240051295
239392502   239530526
231107995   231236140
233427119   233578581
226110536   226240773
224437453   224566551
225117480   225251602
225438187   225586707
220414757   220557308
227688761   227838401
225984231   226108441
225630145   225750214
225074151   225207256
227455027   227601806
227694543   227835198
226077489   226223631
226088330   226207489
220656222   220787448
217411045   217537982
221304086   221434403
223826563   223950877
224929990   225059575
225842666   225980033
218041373   218185436
213852443   213967271
223140962   223266731
223645930   223798809
223548877   223685178
219409404   219548010
222544185   222665939
218504192   218632963
222792939   222921995
225966587   226100030
219478262   219607812
220972719   221130078
220475204   220621017
221762367   221881423
215697240   215826598
218640985   218774652
223298161   223470804
218575796   218704058
220354768   220479477
216281227   216407417
224621898   224754620
220765275   220891217
227277531   227405290
224542316   224673398
224762304   224879921
218901530   219024134
224964848   225081073
220630043   220762147
217157191   217281699
220266198   220395792
219208182   219333680
221395150   221515560
224537490   224667896
226467803   226593951
225429931   225556778
225818131   225943200
227050958   227195256
219759026   219875764
219033523   219143341
217206065   217330903
221457932   221606216
222446143   222596833
216586469   216713290
212884269   213007027
215271277   215396897
214737276   214855363
214925789   215057722
222539012   222673241
216212012   216344464
220330073   220455090
227247071   227378226
227895208   228044497
236701414   236826023
245416247   245557997
226703430   226855503
217004029   217129217
220694061   220812702
222618103   222741113
227480538   227607194
223143030   223293661
225288495   225413371
225959203   226095433
217842625   217967303
225479655   225615393
214594720   214720685
216654339   216790951
213445274   213574410
220629057   220752137
217384585   217507842
223583858   223705237
220424773   220545223
215975618   216100745
213356754   213493940
213859562   213986576
218188008   218319397
230833222   230963931
237727140   237851442
223481553   223609709
223237666   223370111
220325760   220449943
218023495   218170331
218759693   218887360
230080521   230194138
228273542   228426351
223749712   223919407
221487334   221612717
224468913   224607345
228257824   228387632
235425688   235549136
219752556   219883151
216888046   217016502
217655832   217778430
219323093   219462530
217053989   217192983
227102741   227242889
229671871   229800490
236892690   237042790
233997666   234144394
237231731   237363716
231757343   231884127
233122681   233253699
231616432   231745703
232973569   233103200
236304537   236426725
231262230   231386342
232764705   232884743
232463600   232605700
220302893   220429514
220403588   220529234
223850654   223978305
220765697   220888830
225952716   226088794
220375126   220511470
221192485   221323374
233887408   234025238
223168351   223300764
220978187   221114107
223006018   223135157
223580542   223707433
219621481   219750874
219828491   219980206
220551753   220670631
226521336   226646322
223374598   223518937
221545000   221667011
227805119   227919907
221819729   221963711
225594492   225716174
221511679   221638959
224381742   224501081
222022248   222162520
221131919   221276518
224144693   224282339
226058260   226193935
223987501   224114616
221630092   221771370
228517626   228642062
221075456   221200474
222501565   222626820
222832703   222961025
223456285   223593849
225847231   225981751
230533877   230669372
232614859   232733834
227947604   228080061
221707116   221825308
220957726   221087853
221471907   221593711
225008292   225142718
235777457   235909445
234461031   234590853
235312782   235441813
234723987   234873781
231248293   231367917
232142760   232271165
233326024   233451688
233185627   233325507
234190391   234317408
231630672   231755810
229318474   229458008
233568045   233712173
229379567   229518464
224253138   224377612
219015115   219145107
228968677   229087004
227514828   227641054
225302016   225438923
228026478   228144548
225090573   225220703
226503551   226642996
227363041   227491840
227215979   227337418
226111093   226246080
223170024   223335338
225169966   225300978
225374222   225491029
225780388   225903650
226760132   226898776
226018063   226144225
223809080   223935047
223579304   223701885
223986632   224111805
224295509   224415152
223931294   224057034
233179716   233310614
232760051   232927010
231924384   232052632
233404495   233541310
235798534   235943252
235217834   235343750
235530363   235651400
235372606   235508265
234260720   234404942
236406385   236524784
234660640   234800024
235115138   235254745
231821686   231960098
220202753   220342823
220316786   220452895
226874396   226993905
224437159   224572872
224797825   224925974
227199786   227325587
225389001   225511020
226985567   227113483
224494485   224623100
220492651   220623213
216252754   216384714
221229767   221357186
222354248   222483087
225640825   225774038
226301838   226434805
224091285   224230461
227712700   227853861
222924893   223078408
224581815   224706531
218393057   218515334
224459012   224599574
224192473   224325640
227121093   227285466
221236864   221364592
222321511   222452354
225985707   226129495
221933850   222062660
225850754   225995338
220260611   220396968
222981188   223121673
